      communityId  class  frequency
0              25      2          2
1              25      3          2
2              29      3         13
3              29      2          6
4              31      2          4
5              31      3          2
6              35      3         18
7              35      2          1
8              37      3          8
9              39      3          2
10             43      3          5
11             49      3          2
12             55      3         11
13             55      2          1
14             58      3          1
15             59      3         11
16             59      2          1
17             61      3        103
18             61      2         35
19             63      3          3
20             63      2          1
21             69      3          4
22             71      3         14
23             75      3         71
24             75      2          7
25             86      3         49
26             86      2          3
27             90      3         53
28             90      2          4
29            102      2          7
30            102      3          2
31            107      3          1
32            125      3          4
33            131      2          1
34            135      3          3
35            135      2          1
36            141      2          1
37            143      2         10
38            143      3          2
39            154      3          2
40            163      3          3
41            167      2          2
42            171      3          8
43            171      2          1
44            177      2          3
45            179      3          3
46            183      2          4
47            183      3          2
48            187      3          3
49            191      3          2
50            191      2          1
51            193      3          1
52            208      3         14
53            208      2         11
54            211      3          2
55            212      3          2
56            214      3          2
57            216      3          5
58            216      2          3
59            217      3          2
60            218      3          1
61            220      3          7
62            226      3          9
63            238      3         46
64            238      2          5
65            240      2          3
66            240      3          2
67            242      2          2
68            247      3          6
69            253      2          4
70            253      3          1
71            255      3          4
72            257      3          5
73            257      2          1
74            271      2          9
75            271      3          2
76            279      2          1
77            279      3          1
78            284      3          2
79            303      3          2
80            307      3          2
81            310      2          2
82            326      2         16
83            328      3          2
84            339      3          2
85            340      3          1
86            347      2          1
87            347      3          1
88            361      3          2
89            372      2          5
90            372      3          1
91            377      3          3
92            381      2          4
93            381      3          4
94            389      3         27
95            389      2         19
96            402      3          7
97            402      2          5
98            418      3          5
99            418      2          1
100           422      3          1
101           429      2          4
102           455      3          1
103           457      3          3
104           458      2          1
105           458      3          1
106           468      3         10
107           468      2          8
108           474      3          2
109           484      3          1
110           508      3          2
111           509      3          9
112           518      3          4
113           518      2          1
114           519      3          3
115           527      2          2
116           529      3          2
117           542      3          2
118           547      2          4
119           547      3          1
120           551      3          2
121           553      3          5
122           553      2          1
123           559      2          2
124           559      3          1
125           577      2          1
126           579      2          2
127           579      3          1
128           580      3          2
129           581      2          4
130           581      3          1
131           583      3         23
132           589      3          2
133           598      2          3
134           598      3          2
135           601      3          6
136           609      2          1
137           610      3          9
138           614      2          8
139           614      3          7
140           622      3          6
141           626      3          5
142           626      2          1
143           627      2          2
144           630      3          1
145           646      3          4
146           646      2          1
147           692      3          2
148           697      3          5
149           698      2          1
150           701      3         38
151           703      3          5
152           705      3          1
153           716      2          4
154           716      3          2
155           717      3          3
156           722      3          1
157           726      2          3
158           731      3          4
159           731      2          3
160           746      2          7
161           746      3          1
162           752      3          5
163           753      3          4
164           753      2          3
165           762      3          2
166           762      2          1
167           782      3          9
168           782      2          1
169           800      3          5
170           803      3          2
171           814      3          3
172           814      2          2
173           820      2          2
174           824      3          2
175           836      3          2
176           841      3          3
177           843      3          1
178           844      3          2
179           847      3         26
180           847      2          2
181           847      1          1
182           850      2          5
183           850      3          1
184           856      2          3
185           856      3          1
186           861      2          2
187           863      2          5
188           863      3          1
189           885      3         19
190           885      2          3
191           895      3          4
192           910      3          3
193           915      3          1
194           917      3          2
195           919      3         11
196           919      2          8
197           919      1          2
198           938      3          2
199           938      2          1
200           940      3          6
201           944      3          6
202           948      3          2
203           973      2          6
204           973      3          6
205           973      1          1
206           975      3         10
207           975      2          6
208           975      1          1
209           988      2          7
210           988      3          2
211           990      3         10
212          1001      3          3
213          1002      3          9
214          1002      2          3
215          1011      2          1
216          1011      3          1
217          1013      3          2
218          1021      3          5
219          1021      2          3
220          1034      3          6
221          1036      3          4
222          1045      3          4
223          1049      3          2
224          1050      3          3
225          1050      2          1
226          1053      3          6
227          1056      3          2
228          1075      3          5
229          1077      3          5
230          1079      2          2
231          1079      3          1
232          1080      2         11
233          1080      3          8
234          1080      1          3
235          1082      3         19
236          1084      3          5
237          1084      2          1
238          1087      3          7
239          1094      3          3
240          1110      2          1
241          1111      3          1
242          1112      3         10
243          1118      3          1
244          1119      3         11
245          1120      3          2
246          1121      3          5
247          1126      3          2
248          1127      3         29
249          1129      3          1
250          1131      3          2
251          1133      3         13
252          1133      2          5
253          1136      3         11
254          1138      3          2
255          1145      2          3
256          1151      3          2
257          1164      2          3
258          1176      2          1
259          1176      3          1
260          1183      3          5
261          1188      3          7
262          1188      2          3
263          1189      2          4
264          1189      3          4
265          1193      2          2
266          1193      3          2
267          1195      3          5
268          1199      3          2
269          1207      3          3
270          1209      3          6
271          1209      2          3
272          1214      2          3
273          1223      2          2
274          1226      3          2
275          1226      2          1
276          1235      3          2
277          1251      3          3
278          1251      2          1
279          1252      3          5
280          1255      3          5
281          1301      3         49
282          1301      2          8
283          1315      2          2
284          1315      3          1
285          1316      2          3
286          1316      3          3
287          1318      3          4
288          1329      3          4
289          1332      3          5
290          1332      2          2
291          1334      3          5
292          1336      3          4
293          1344      3          6
294          1346      2          3
295          1363      2          3
296          1367      2          1
297          1369      3          5
298          1374      3          7
299          1376      2          3
300          1409      3          2
301          1415      3          4
302          1415      2          2
303          1424      2          2
304          1424      3          1
305          1425      3          1
306          1427      3          1
307          1434      3          5
308          1435      3          1
309          1441      2          3
310          1441      3          2
311          1446      2         11
312          1453      3          2
313          1455      3          3
314          1455      2          2
315          1456      3          2
316          1465      2          1
317          1465      3          1
318          1467      3          2
319          1469      3          3
320          1472      3          1
321          1475      3          3
322          1486      3          5
323          1486      2          1
324          1488      3          8
325          1492      3          2
326          1520      3          1
327          1521      3          8
328          1524      2          2
329          1524      3          1
330          1526      3         12
331          1526      2          3
332          1532      3          2
333          1540      2          3
334          1544      3          4
335          1544      2          2
336          1548      3          2
337          1557      3          2
338          1562      2          2
339          1572      3          5
340          1572      2          1
341          1573      3         16
342          1573      2          3
343          1587      3          2
344          1588      3          2
345          1598      3          7
346          1600      2          2
347          1600      3          1
348          1607      3          2
349          1616      2          1
350          1616      3          1
351          1619      3          7
352          1633      3          2
353          1639      2          3
354          1643      3          4
355          1649      3          8
356          1664      2          2
357          1664      3          2
358          1669      2          1
359          1669      3          1
360          1678      3          2
361          1682      3          3
362          1687      3          2
363          1697      2          1
364          1702      3          2
365          1707      2          4
366          1707      3          1
367          1709      3          2
368          1719      3          2
369          1726      3          2
370          1731      3          5
371          1732      3         17
372          1732      2         10
373          1734      3          1
374          1741      3          1
375          1742      3          4
376          1745      3          6
377          1746      3          1
378          1747      3          9
379          1753      3          5
380          1759      3          7
381          1763      3          1
382          1765      3          4
383          1765      2          2
384          1767      3          7
385          1767      2          3
386          1770      3          2
387          1778      3          6
388          1778      2          2
389          1780      3          2
390          1780      2          1
391          1807      3          4
392          1807      2          3
393          1810      3          1
394          1825      3          2
395          1829      3          3
396          1830      3          1
397          1832      3          2
398          1839      3          2
399          1845      3          2
400          1852      3          3
401          1861      3          2
402          1870      3          2
403          1873      2          3
404          1878      3          4
405          1880      3          3
406          1885      2          2
407          1891      3          6
408          1896      3          4
409          1898      3          3
410          1905      3          4
411          1917      3          2
412          1920      3          3
413          1925      3          2
414          1931      3          1
415          1941      2          3
416          1945      3          1
417          1949      2          4
418          1949      3          1
419          1956      3          2
420          1974      3          2
421          1981      3          6
422          1990      2          2
423          1990      3          1
424          2000      3          2
425          2003      3          7
426          2011      3         14
427          2011      2          9
428          2015      2          5
429          2015      3          2
430          2018      2          1
431          2022      2          3
432          2026      3         12
433          2026      2          9
434          2026      1          2
435          2027      2          1
436          2040      3          7
437          2040      2          2
438          2047      3          8
439          2055      3          1
440          2057      3          6
441          2061      2          2
442          2075      3          4
443          2077      3          2
444          2078      3         10
445          2080      3          2
446          2086      3          1
447          2097      3          2
448          2103      3          2
449          2105      3          3
450          2111      3          4
451          2117      3          1
452          2118      3          2
453          2122      3          3
454          2126      3          5
455          2126      2          1
456          2128      2          2
457          2128      3          2
458          2143      3          3
459          2153      3          6
460          2153      2          1
461          2157      2          5
462          2164      3          9
463          2164      2          4
464          2165      3          2
465          2167      3          2
466          2171      3          3
467          2180      2          1
468          2182      3          3
469          2184      2          2
470          2189      3          2
471          2195      3          6
472          2200      2          5
473          2200      3          5
474          2208      2          1
475          2228      2          2
476          2228      1          1
477          2228      3          1
478          2230      3          4
479          2237      3          3
480          2238      3          1
481          2243      3          2
482          2250      2          2
483          2250      3          1
484          2251      3          7
485          2252      3          5
486          2254      2          1
487          2254      3          1
488          2255      3          2
489          2256      3         19
490          2256      2          5
491          2261      3          1
492          2262      2          4
493          2281      2          2
494          2281      3          1
495          2284      2          4
496          2284      3          3
497          2304      3          1
498          2305      3          6
499          2307      2          1
500          2307      3          1
501          2316      3          2
502          2317      3          2
503          2329      3          6
504          2329      2          3
505          2332      2          5
506          2332      3          1
507          2336      3         10
508          2337      3          5
509          2339      3          5
510          2339      2          1
511          2341      3          1
512          2344      3          2
513          2349      2          3
514          2351      3          1
515          2353      3          2
516          2374      3          2
517          2377      3          7
518          2378      3          2
519          2379      3          6
520          2390      3          2
521          2396      3          2
522          2397      3          6
523          2397      2          1
524          2402      3          9
525          2406      3          6
526          2412      3          2
527          2420      2          1
528          2438      3          6
529          2444      3          3
530          2444      2          2
531          2448      3          9
532          2448      2          3
533          2452      2          3
534          2460      3          3
535          2474      3          2
536          2486      3          9
537          2490      3          3
538          2490      2          2
539          2501      3         10
540          2506      3          7
541          2511      2          1
542          2512      3          5
543          2515      2         10
544          2515      3          3
545          2524      2          1
546          2524      3          1
547          2537      2          5
548          2537      3          4
549          2542      2         18
550          2550      3          3
551          2553      2          8
552          2553      3          5
553          2559      2          3
554          2564      2          2
555          2564      3          1
556          2566      3          8
557          2569      3          1
558          2578      3          8
559          2590      3          8
560          2591      2          3
561          2591      3          1
562          2594      2          3
563          2594      3          2
564          2602      2          1
565          2603      2         10
566          2603      3          5
567          2609      3          2
568          2613      3          7
569          2618      3          7
570          2622      3          1
571          2624      2          3
572          2630      2          1
573          2643      3         11
574          2649      3          7
575          2649      2          1
576          2652      3          3
577          2652      2          1
578          2654      3          4
579          2659      3          5
580          2661      3          2
581          2661      2          1
582          2667      3          1
583          2669      3          3
584          2669      2          2
585          2672      3          8
586          2676      2          2
587          2679      2         14
588          2681      3          2
589          2693      3          3
590          2699      2          2
591          2699      3          1
592          2703      3          2
593          2705      3         10
594          2713      2          3
595          2721      2          1
596          2721      3          1
597          2724      3          3
598          2724      2          1
599          2728      3          2
600          2741      3          4
601          2741      2          1
602          2749      3          2
603          2755      3          2
604          2764      3          2
605          2767      3          1
606          2770      2          2
607          2776      3          1
608          2785      3          6
609          2799      3         11
610          2804      2          2
611          2805      2         20
612          2805      3          2
613          2806      2          1
614          2807      3          2
615          2809      3          3
616          2814      3          4
617          2816      3          2
618          2816      1          1
619          2818      3          1
620          2822      2         14
621          2822      3          4
622          2823      2          3
623          2823      3          1
624          2833      2          1
625          2833      3          1
626          2834      3          4
627          2841      3          7
628          2857      2          3
629          2857      3          1
630          2864      3          5
631          2866      3          5
632          2866      2          1
633          2867      2          1
634          2867      3          1
635          2871      3          4
636          2874      3          2
637          2875      3          1
638          2880      3          4
639          2886      3          3
640          2896      3          1
641          2907      2          3
642          2913      2          3
643          2919      3          5
644          2923      2          2
645          2928      3          7
646          2935      3          9
647          2935      2          1
648          2943      2          2
649          2945      3          2
650          2945      2          1
651          2948      2         17
652          2948      3          1
653          2954      3          1
654          2956      3          5
655          2960      3         11
656          2961      3         12
657          2979      3          7
658          2980      3          6
659          2984      2          2
660          2986      3          7
661          2988      2          8
662          2990      3          2
663          2990      2          1
664          3000      3          2
665          3012      2          1
666          3012      3          1
667          3016      3          1
668          3019      3          9
669          3021      3         21
670          3021      2          4
671          3026      3          7
672          3029      2          1
673          3029      3          1
674          3032      3          6
675          3037      3          1
676          3038      3          8
677          3044      3          2
678          3046      3          5
679          3048      3          2
680          3051      2          4
681          3056      3          3
682          3061      3          4
683          3068      3          5
684          3068      2          1
685          3076      3          9
686          3077      3          2
687          3080      3          5
688          3082      3          2
689          3084      3          3
690          3084      2          2
691          3088      3          9
692          3103      2          3
693          3103      3          1
694          3104      3          2
695          3107      3          5
696          3124      3          6
697          3126      3          2
698          3136      3          2
699          3141      2          4
700          3144      3          3
701          3154      2          3
702          3154      3          1
703          3156      3          2
704          3159      2          1
705          3160      2         17
706          3165      2          7
707          3165      3          4
708          3175      3          2
709          3176      3          9
710          3181      2          3
711          3201      3          1
712          3210      3          3
713          3211      2          1
714          3212      3          2
715          3212      2          1
716          3214      3          4
717          3214      2          1
718          3223      3          4
719          3224      3          2
720          3235      3          3
721          3235      2          2
722          3237      2          6
723          3243      3          5
724          3244      3          9
725          3244      2          3
726          3256      3          1
727          3258      2          3
728          3260      2          2
729          3271      3          9
730          3271      2          2
731          3278      3          3
732          3282      3          2
733          3283      3          2
734          3283      2          1
735          3286      2          6
736          3289      3          2
737          3290      3          2
738          3312      2          3
739          3329      3          2
740          3334      3          1
741          3354      2          3
742          3355      3          2
743          3360      3          5
744          3371      2          4
745          3371      3          1
746          3404      2          2
747          3404      3          1
748          3414      3          4
749          3432      3          1
750          3435      3          5
751          3435      2          1
752          3438      2          1
753          3441      2          2
754          3443      3          1
755          3449      3          5
756          3449      2          1
757          3450      3          3
758          3450      2          1
759          3465      2          2
760          3468      3          5
761          3482      3          3
762          3482      2          2
763          3484      3          4
764          3496      3          6
765          3500      2          1
766          3500      3          1
767          3502      2          1
768          3502      3          1
769          3507      2          2
770          3515      3          6
771          3538      3          3
772          3538      2          1
773          3539      3         20
774          3539      2          4
775          3543      3          5
776          3558      3          2
777          3562      3          3
778          3565      3          2
779          3565      2          1
780          3569      3          1
781          3573      3          2
782          3576      3          1
783          3584      2          4
784          3589      2          3
785          3591      2          1
786          3603      2          2
787          3608      3          5
788          3610      3          7
789          3617      3          4
790          3618      3          1
791          3622      3          3
792          3626      3          2
793          3629      2          2
794          3629      3          2
795          3634      2          3
796          3637      2          4
797          3640      3          7
798          3649      3          1
799          3650      3         10
800          3666      3          9
801          3666      2          1
802          3669      2          2
803          3672      3          2
804          3675      3         10
805          3685      3          2
806          3689      3          1
807          3693      3          2
808          3695      3          2
809          3708      3          3
810          3708      2          1
811          3718      2          3
812          3721      3          2
813          3729      3          2
814          3730      2          1
815          3735      3          7
816          3740      2          5
817          3749      3          2
818          3754      3          8
819          3754      2          5
820          3756      3          2
821          3758      3          5
822          3762      3          5
823          3765      3          3
824          3768      2          1
825          3768      3          1
826          3769      3          1
827          3771      3          4
828          3771      2          2
829          3792      3          4
830          3792      2          2
831          3806      3          1
832          3817      3         13
833          3818      2          1
834          3821      3          3
835          3826      2          2
836          3826      3          1
837          3831      2          4
838          3835      3          1
839          3838      3          2
840          3839      3         11
841          3843      3          6
842          3854      2          1
843          3860      2          2
844          3866      3          8
845          3868      3          4
846          3876      3         10
847          3879      3          2
848          3880      3          3
849          3880      2          2
850          3886      2         14
851          3886      3          3
852          3888      3          3
853          3890      3          5
854          3895      3          2
855          3896      3          2
856          3905      2          4
857          3908      3         20
858          3908      2          2
859          3917      3         10
860          3918      2          1
861          3918      3          1
862          3923      3          8
863          3926      3         11
864          3933      2          2
865          3933      3          2
866          3941      2          2
867          3941      3          2
868          3948      3          4
869          3948      2          1
870          3955      3          2
871          3956      3          5
872          3958      2          1
873          3976      2          3
874          3976      3          1
875          3978      3          6
876          3983      3          1
877          3984      3          1
878          3991      3          3
879          3992      2          3
880          4007      3          9
881          4010      3          3
882          4012      2          3
883          4012      3          1
884          4024      3          6
885          4031      3          3
886          4044      3          1
887          4051      3          1
888          4052      3          1
889          4053      3         11
890          4055      3          2
891          4059      3         15
892          4059      2          6
893          4068      3          2
894          4075      2          1
895          4082      2          3
896          4085      3          2
897          4091      3          3
898          4091      2          1
899          4095      3          3
900          4100      3          6
901          4101      3          4
902          4102      3          2
903          4111      3          3
904          4114      3          9
905          4115      3          1
906          4120      2          3
907          4122      3          3
908          4132      3          3
909          4134      3          5
910          4143      3          1
911          4146      3          3
912          4146      2          1
913          4172      3          1
914          4173      3          2
915          4189      3          6
916          4197      3          3
917          4207      3          5
918          4208      3          6
919          4208      2          1
920          4210      3          2
921          4214      2          1
922          4214      3          1
923          4216      3          3
924          4223      3          4
925          4224      3          8
926          4224      2          1
927          4229      3          5
928          4229      2          1
929          4234      3          3
930          4238      3         10
931          4238      2          1
932          4242      2          2
933          4242      3          1
934          4247      3          4
935          4248      3          6
936          4252      3          2
937          4253      3          1
938          4255      3          5
939          4256      3         24
940          4256      2          7
941          4260      2          1
942          4263      3          1
943          4266      3          4
944          4278      3          5
945          4278      2          3
946          4283      3          2
947          4283      2          1
948          4290      3          3
949          4291      3          1
950          4297      3          8
951          4309      2          1
952          4312      2          2
953          4312      3          2
954          4319      3          7
955          4326      2          3
956          4332      3          2
957          4335      3          3
958          4335      2          2
959          4339      3          8
960          4348      2          3
961          4348      3          1
962          4352      3          2
963          4354      2          2
964          4368      3          6
965          4377      2          1
966          4377      3          1
967          4380      3          1
968          4389      3          4
969          4391      2          4
970          4400      3          2
971          4401      3          2
972          4404      3          3
973          4408      3          5
974          4412      3          8
975          4417      3          5
976          4419      2          1
977          4425      2          2
978          4425      3          1
979          4430      3          2
980          4439      2          2
981          4439      3          1
982          4440      3          2
983          4441      3          3
984          4442      3          2
985          4445      3          2
986          4458      2         12
987          4458      3          2
988          4459      3          3
989          4459      2          2
990          4470      2          4
991          4471      3          2
992          4473      2          3
993          4475      3          2
994          4477      3          6
995          4480      3          2
996          4483      2          6
997          4493      2          3
998          4503      3          5
999          4508      3          1
1000         4513      3          5
1001         4515      2          2
1002         4520      3          2
1003         4520      2          1
1004         4522      2         11
1005         4527      2          1
1006         4527      3          1
1007         4533      3          8
1008         4544      3          2
1009         4548      3          4
1010         4548      2          2
1011         4572      2          2
1012         4574      2          7
1013         4574      3          4
1014         4579      3          4
1015         4591      3          1
1016         4597      3          3
1017         4602      3          2
1018         4602      2          1
1019         4604      2          1
1020         4604      3          1
1021         4615      3          3
1022         4619      3          2
1023         4619      2          1
1024         4621      3          3
1025         4632      3          2
1026         4633      3          3
1027         4633      2          2
1028         4634      3          7
1029         4644      2          3
1030         4644      3          3
1031         4651      2          2
1032         4664      3          2
1033         4666      3          3
1034         4667      3          2
1035         4670      3          4
1036         4678      3          2
1037         4686      3          2
1038         4689      2          4
1039         4689      3          2
1040         4690      3          2
1041         4694      2          1
1042         4706      3          4
1043         4706      2          2
1044         4711      3          5
1045         4711      2          1
1046         4713      2          4
1047         4728      2          2
1048         4731      2          3
1049         4731      3          2
1050         4734      3         10
1051         4737      3         11
1052         4749      2          1
1053         4762      3          4
1054         4762      2          3
1055         4772      2          2
1056         4772      3          1
1057         4773      3          4
1058         4784      3         11
1059         4785      3          7
1060         4785      2          1
1061         4794      3          4
1062         4800      2          2
1063         4802      3          7
1064         4807      3          1
1065         4811      3          4
1066         4811      2          1
1067         4812      3          4
1068         4816      2          1
1069         4816      3          1
1070         4817      3          1
1071         4830      3          4
1072         4833      3          2
1073         4836      2          1
1074         4836      3          1
1075         4837      3          9
1076         4848      3          2
1077         4852      3          8
1078         4854      2          4
1079         4856      3          4
1080         4860      3          4
1081         4866      3          3
1082         4871      3          6
1083         4877      3          2
1084         4879      3          2
1085         4879      2          1
1086         4886      2          1
1087         4886      3          1
1088         4888      3         25
1089         4889      2          1
1090         4893      3          7
1091         4895      2          4
1092         4898      3          1
1093         4914      3          2
1094         4914      2          1
1095         4915      3          3
1096         4936      3          7
1097         4955      3          5
1098         4956      3          2
1099         4961      2          2
1100         4962      3          2
1101         4966      3          4
1102         4969      3          5
1103         4973      3          2
1104         4974      2          1
1105         4983      3          4
1106         4985      3          4
1107         4989      2          4
1108         4989      3          1
1109         4993      3          6
1110         4993      2          3
1111         5001      3          2
1112         5010      3          2
1113         5018      2          3
1114         5025      3          2
1115         5026      3          9
1116         5032      2          1
1117         5032      3          1
1118         5034      3          2
1119         5043      3         19
1120         5043      2         10
1121         5049      3          6
1122         5050      3          3
1123         5067      3          5
1124         5072      3          4
1125         5072      2          2
1126         5076      3          2
1127         5080      2          3
1128         5080      3          3
1129         5081      3          2
1130         5081      2          1
1131         5087      2          2
1132         5087      3          1
1133         5097      3          3
1134         5099      3          3
1135         5099      2          1
1136         5103      2          2
1137         5107      2          4
1138         5108      3          3
1139         5116      2          3
1140         5116      3          3
1141         5124      2          1
1142         5124      3          1
1143         5125      3          4
1144         5125      2          1
1145         5129      2          8
1146         5129      3          2
1147         5138      3          1
1148         5139      3          1
1149         5145      3          9
1150         5145      2          8
1151         5151      3          1
1152         5161      3          1
1153         5168      2          2
1154         5169      3          2
1155         5172      3          2
1156         5178      3          2
1157         5179      3          9
1158         5181      3          6
1159         5189      3          2
1160         5189      2          1
1161         5191      2          3
1162         5191      3          1
1163         5195      3          2
1164         5196      3          4
1165         5199      2          3
1166         5201      3          2
1167         5201      2          1
1168         5202      2          2
1169         5202      3          1
1170         5204      3          7
1171         5204      2          1
1172         5210      2        100
1173         5210      3          1
1174         5212      2          3
1175         5213      3          3
1176         5213      2          2
1177         5220      3          3
1178         5220      2          2
1179         5227      3          1
1180         5234      3          7
1181         5239      3          7
1182         5240      3          5
1183         5248      3          7
1184         5268      2          1
1185         5272      3          4
1186         5274      3          3
1187         5275      3          2
1188         5275      2          1
1189         5292      3          2
1190         5298      3          3
1191         5301      3          7
1192         5302      3          2
1193         5305      3          2
1194         5306      3          1
1195         5307      3          1
1196         5315      3          2
1197         5319      2          2
1198         5319      3          2
1199         5327      3          3
1200         5328      2          2
1201         5333      3          6
1202         5335      3          3
1203         5335      2          1
1204         5337      3          3
1205         5340      2          2
1206         5340      3          1
1207         5346      2          4
1208         5346      3          4
1209         5354      2          1
1210         5362      2          1
1211         5368      3          2
1212         5376      3          2
1213         5376      2          1
1214         5383      2          2
1215         5384      2          7
1216         5384      3          6
1217         5387      3          1
1218         5388      3          8
1219         5390      3          1
1220         5392      3          2
1221         5394      3          1
1222         5398      3          1
1223         5402      2          3
1224         5417      3          3
1225         5417      2          1
1226         5425      3          4
1227         5426      2          1
1228         5429      3          1
1229         5430      3          9
1230         5430      2          1
1231         5432      2          4
1232         5438      3          2
1233         5438      1          1
1234         5441      2          2
1235         5442      3          3
1236         5442      2          1
1237         5448      3          1
1238         5450      3          3
1239         5450      2          1
1240         5455      2          1
1241         5459      3          5
1242         5459      2          3
1243         5461      3          2
1244         5464      3          3
1245         5473      3          3
1246         5480      3          2
1247         5484      3          5
1248         5487      3          2
1249         5496      3          2
1250         5501      3          7
1251         5502      2          2
1252         5502      3          1
1253         5503      3          2
1254         5506      2          1
1255         5506      3          1
1256         5509      2         16
1257         5509      3          5
1258         5513      2          2
1259         5516      3          2
1260         5519      2          6
1261         5519      3          2
1262         5526      3          3
1263         5528      3          2
1264         5535      3          4
1265         5542      3          6
1266         5544      3          1
1267         5545      3         10
1268         5551      3          2
1269         5551      2          1
1270         5556      2          1
1271         5563      3          7
1272         5563      2          1
1273         5564      3          2
1274         5570      2          2
1275         5580      3          1
1276         5583      3          1
1277         5592      3          3
1278         5592      2          2
1279         5594      3          2
1280         5600      3          4
1281         5602      2          3
1282         5607      3          2
1283         5609      3          1
1284         5612      2          4
1285         5615      2          7
1286         5615      3          5
1287         5619      3          3
1288         5619      2          1
1289         5623      3          6
1290         5624      2          3
1291         5627      2          3
1292         5628      3          2
1293         5630      3          2
1294         5631      2         69
1295         5631      3         46
1296         5631      1          1
1297         5645      3          8
1298         5645      2          3
1299         5661      3          2
1300         5663      3          7
1301         5665      3          5
1302         5667      2          1
1303         5667      3          1
1304         5668      2          4
1305         5677      3          1
1306         5682      3          3
1307         5695      3          3
1308         5695      2          2
1309         5711      3          3
1310         5712      2          3
1311         5713      2          1
1312         5713      3          1
1313         5716      2          2
1314         5718      2          3
1315         5720      3          6
1316         5720      2          1
1317         5722      2          1
1318         5722      3          1
1319         5729      2          3
1320         5732      2          2
1321         5740      2          2
1322         5745      3          2
1323         5750      3          2
1324         5750      2          1
1325         5756      3          4
1326         5758      2          2
1327         5760      2          2
1328         5760      3          1
1329         5763      3          7
1330         5766      2          4
1331         5766      3          1
1332         5772      3          2
1333         5772      2          1
1334         5781      3          3
1335         5783      3          6
1336         5788      2          2
1337         5797      3          3
1338         5798      2          1
1339         5801      3          2
1340         5803      2          3
1341         5803      3          3
1342         5810      2          3
1343         5817      3          3
1344         5821      2          2
1345         5821      3          1
1346         5824      3         12
1347         5831      3          1
1348         5836      3          4
1349         5840      3          2
1350         5861      3          1
1351         5876      3          4
1352         5877      3          1
1353         5880      3          3
1354         5880      2          1
1355         5882      2          2
1356         5882      3          1
1357         5886      3          2
1358         5886      2          1
1359         5890      3          3
1360         5890      2          1
1361         5896      2          2
1362         5901      3          6
1363         5916      3          8
1364         5917      3          5
1365         5924      3          4
1366         5926      3          2
1367         5936      2          1
1368         5937      2          2
1369         5939      3          4
1370         5945      3          7
1371         5959      2          2
1372         5959      3          1
1373         5968      2          2
1374         5974      3          4
1375         5978      3          3
1376         5982      3          6
1377         5989      2          3
1378         5991      3          7
1379         5992      3          5
1380         5995      2          1
1381         5998      3          3
1382         6004      3          2
1383         6010      3          4
1384         6010      2          1
1385         6013      3          4
1386         6016      3          3
1387         6028      3          2
1388         6033      3          3
1389         6038      3          2
1390         6046      3          3
1391         6047      3          4
1392         6048      2          1
1393         6050      3          2
1394         6051      2          1
1395         6061      2          1
1396         6061      3          1
1397         6074      2          1
1398         6074      3          1
1399         6081      3          2
1400         6087      3          4
1401         6087      2          1
1402         6088      3          3
1403         6091      2          2
1404         6091      3          1
1405         6100      3          4
1406         6100      2          2
1407         6104      2          2
1408         6104      3          1
1409         6105      3          6
1410         6105      2          3
1411         6109      2          4
1412         6109      3          4
1413         6117      2          2
1414         6124      3          6
1415         6126      3          2
1416         6136      3         22
1417         6136      2          6
1418         6138      3          4
1419         6139      3          2
1420         6143      3          4
1421         6143      2          1
1422         6144      2          5
1423         6148      3          5
1424         6149      3          1
1425         6156      3          4
1426         6156      2          3
1427         6161      3          2
1428         6162      3          2
1429         6164      3          2
1430         6175      3         12
1431         6179      3         11
1432         6180      3          2
1433         6188      2          3
1434         6188      3          1
1435         6191      2          4
1436         6191      3          2
1437         6193      3          2
1438         6194      3         10
1439         6200      3          2
1440         6204      3          3
1441         6205      3          1
1442         6212      3          2
1443         6218      3          2
1444         6222      3          4
1445         6224      2          3
1446         6226      2         16
1447         6227      3         12
1448         6227      2          3
1449         6229      3          3
1450         6231      2          1
1451         6231      3          1
1452         6233      3          8
1453         6244      3          2
1454         6246      2          1
1455         6249      3          5
1456         6250      3          3
1457         6258      3          1
1458         6267      2          2
1459         6273      3          3
1460         6273      2          1
1461         6281      3          3
1462         6295      3         14
1463         6295      2          2
1464         6296      3          2
1465         6296      2          1
1466         6300      3          1
1467         6305      3          4
1468         6305      2          2
1469         6307      3          8
1470         6319      3          6
1471         6322      2          2
1472         6325      3          4
1473         6327      3          8
1474         6327      2          1
1475         6328      3          2
1476         6328      2          1
1477         6331      3          6
1478         6333      2          3
1479         6339      3          2
1480         6347      3          1
1481         6352      3          1
1482         6353      3          4
1483         6355      3          2
1484         6361      3          2
1485         6361      2          1
1486         6363      3          4
1487         6365      3          2
1488         6372      2          1
1489         6373      3         10
1490         6380      2          1
1491         6389      3          3
1492         6391      2          3
1493         6395      3          2
1494         6396      2          3
1495         6404      2          3
1496         6409      3          4
1497         6409      2          1
1498         6410      3          5
1499         6410      2          1
1500         6415      3          3
1501         6418      2          1
1502         6418      3          1
1503         6421      3          2
1504         6421      2          1
1505         6422      3         10
1506         6426      3          6
1507         6433      3          8
1508         6434      3          7
1509         6437      3          2
1510         6441      3          6
1511         6442      2          1
1512         6444      3          1
1513         6445      2          3
1514         6448      2          2
1515         6448      3          1
1516         6451      3          8
1517         6454      2          3
1518         6457      3          3
1519         6459      2          2
1520         6462      3          2
1521         6464      2          2
1522         6470      3          1
1523         6475      3          5
1524         6475      2          3
1525         6481      3          2
1526         6481      2          1
1527         6482      2          1
1528         6486      3          6
1529         6489      3          3
1530         6492      3          3
1531         6494      3          6
1532         6497      2          9
1533         6498      3          2
1534         6499      3          3
1535         6499      2          2
1536         6501      2          3
1537         6501      3          1
1538         6502      3          1
1539         6505      3          1
1540         6507      3          2
1541         6513      3          1
1542         6515      2          2
1543         6515      3          1
1544         6518      2          3
1545         6518      3          2
1546         6519      3          5
1547         6527      3          2
1548         6535      3          4
1549         6538      3          9
1550         6539      2          2
1551         6539      3          1
1552         6542      3          2
1553         6545      2          2
1554         6545      3          1
1555         6547      3         10
1556         6556      3          6
1557         6557      3          2
1558         6563      3          6
1559         6583      3          5
1560         6584      2          1
1561         6584      3          1
1562         6591      2          4
1563         6592      2          4
1564         6594      2          3
1565         6596      3          2
1566         6606      3          3
1567         6608      3          3
1568         6608      2          1
1569         6609      3          2
1570         6614      3          3
1571         6619      2          2
1572         6622      3          4
1573         6624      3          3
1574         6628      3          3
1575         6639      2          3
1576         6640      3          2
1577         6640      2          1
1578         6648      2          2
1579         6648      3          1
1580         6654      2         15
1581         6654      3          1
1582         6655      2          2
1583         6655      3          1
1584         6658      2          5
1585         6663      2          1
1586         6664      2          1
1587         6672      3          1
1588         6673      2          2
1589         6673      3          2
1590         6676      2          3
1591         6676      3          2
1592         6680      3          2
1593         6686      2          1
1594         6686      3          1
1595         6694      3          2
1596         6697      3          4
1597         6697      2          1
1598         6699      2          3
1599         6699      3          1
1600         6700      3          1
1601         6703      3          3
1602         6706      3          1
1603         6709      3          9
1604         6709      2          7
1605         6711      2          2
1606         6711      3          2
1607         6724      2          3
1608         6726      3          3
1609         6731      2          2
1610         6733      3          8
1611         6737      3          2
1612         6738      3          8
1613         6747      3          4
1614         6747      2          1
1615         6750      3          3
1616         6754      2          9
1617         6754      3          1
1618         6757      3          2
1619         6761      3          1
1620         6764      2          2
1621         6764      3          1
1622         6766      3          8
1623         6768      2          1
1624         6768      3          1
1625         6769      2          1
1626         6772      2          1
1627         6776      3          9
1628         6781      3          2
1629         6782      2          7
1630         6783      2          2
1631         6783      3          2
1632         6786      2          1
1633         6786      3          1
1634         6788      3          5
1635         6793      3          4
1636         6800      2          4
1637         6800      3          1
1638         6801      3          2
1639         6805      3          3
1640         6805      2          2
1641         6806      3          3
1642         6807      3          1
1643         6813      2          1
1644         6814      3          8
1645         6822      3          2
1646         6827      2          4
1647         6827      3          2
1648         6829      3          7
1649         6836      3          2
1650         6837      3          1
1651         6844      3          9
1652         6845      2          3
1653         6845      3          1
1654         6846      2          2
1655         6849      3          7
1656         6851      3          7
1657         6856      3          9
1658         6857      3         39
1659         6858      3          2
1660         6859      3          5
1661         6860      3          5
1662         6861      3          2
1663         6863      3          7
1664         6873      3          5
1665         6876      3          2
1666         6878      3          5
1667         6880      3          1
1668         6882      3          3
1669         6885      2          3
1670         6886      3          2
1671         6889      2          2
1672         6889      3          1
1673         6892      3         13
1674         6894      3          2
1675         6906      2          5
1676         6910      3          2
1677         6911      2          5
1678         6911      3          1
1679         6916      3          2
1680         6918      3          6
1681         6922      3          1
1682         6923      2          4
1683         6923      3          1
1684         6930      3          7
1685         6932      3          8
1686         6934      2          2
1687         6936      3          2
1688         6942      2          3
1689         6942      3          1
1690         6947      2          2
1691         6947      3          1
1692         6954      3          6
1693         6958      2          4
1694         6967      3          2
1695         6967      2          1
1696         6969      2          1
1697         6971      3          4
1698         6972      3          3
1699         6975      3          3
1700         6979      3          3
1701         6984      3          4
1702         6988      3          9
1703         6990      3          4
1704         6994      3          3
1705         7000      3         19
1706         7002      3          2
1707         7005      3          2
1708         7005      2          1
1709         7006      3          2
1710         7008      3          5
1711         7016      3          2
1712         7017      3          1
1713         7021      3          4
1714         7022      3          1
1715         7024      3          2
1716         7026      3          5
1717         7035      3          2
1718         7038      2          2
1719         7043      3          8
1720         7044      3          6
1721         7046      3          4
1722         7046      2          3
1723         7048      3          7
1724         7057      3          2
1725         7062      3          5
1726         7062      2          1
1727         7069      3          4
1728         7070      3         17
1729         7070      2          2
1730         7076      3          4
1731         7076      2          1
1732         7078      3          1
1733         7079      3          4
1734         7085      3          4
1735         7087      3          1
1736         7091      2          3
1737         7093      3          6
1738         7112      3          8
1739         7115      3         12
1740         7120      2          4
1741         7121      2          7
1742         7121      3          7
1743         7124      3          2
1744         7124      2          1
1745         7130      3          4
1746         7130      2          3
1747         7134      2          3
1748         7140      2          3
1749         7140      3          2
1750         7142      3          3
1751         7142      2          2
1752         7143      3          8
1753         7153      3          2
1754         7155      3          8
1755         7161      3          1
1756         7163      2          4
1757         7163      3          3
1758         7167      3          3
1759         7167      2          1
1760         7168      3          3
1761         7168      2          1
1762         7178      2          1
1763         7185      3          4
1764         7185      2          3
1765         7191      2          2
1766         7191      3          1
1767         7194      2          3
1768         7194      3          1
1769         7195      2          2
1770         7207      3          3
1771         7208      3          2
1772         7208      2          1
1773         7209      3          3
1774         7210      2          1
1775         7210      3          1
1776         7211      2          3
1777         7216      2          2
1778         7216      3          1
1779         7220      3          3
1780         7221      3          3
1781         7224      3          5
1782         7224      2          1
1783         7229      3          2
1784         7231      2          3
1785         7235      3          4
1786         7236      2          1
1787         7237      3          2
1788         7238      3         10
1789         7241      3          1
1790         7242      3         11
1791         7244      3          1
1792         7245      3          5
1793         7253      3          2
1794         7254      2          1
1795         7254      3          1
1796         7256      3          2
1797         7264      3          2
1798         7269      2          4
1799         7270      3          3
1800         7274      3          3
1801         7274      2          1
1802         7275      2          4
1803         7279      3          9
1804         7279      2          1
1805         7282      3          3
1806         7282      2          2
1807         7286      2          1
1808         7286      3          1
1809         7288      2          1
1810         7288      3          1
1811         7291      3          3
1812         7293      2          3
1813         7293      3          3
1814         7295      2          1
1815         7297      3          5
1816         7298      3          2
1817         7301      2          1
1818         7308      2          3
1819         7313      3          7
1820         7318      3          2
1821         7320      2          3
1822         7320      3          1
1823         7323      3          6
1824         7329      3          8
1825         7335      2          2
1826         7335      3          2
1827         7344      2          1
1828         7344      3          1
1829         7346      2          2
1830         7348      2          2
1831         7353      3          7
1832         7356      3          5
1833         7358      3         10
1834         7362      2          3
1835         7368      3          4
1836         7368      2          1
1837         7370      2          2
1838         7371      3          5
1839         7376      3          8
1840         7380      2          2
1841         7380      3          1
1842         7382      3          2
1843         7386      3          3
1844         7388      3          5
1845         7395      3          2
1846         7397      3          5
1847         7399      2          1
1848         7403      2          4
1849         7403      3          1
1850         7407      3          3
1851         7407      2          1
1852         7411      3          8
1853         7413      3          2
1854         7416      3          1
1855         7417      3          2
1856         7423      3         12
1857         7423      2          3
1858         7424      2          1
1859         7427      3          2
1860         7430      3          2
1861         7436      3          3
1862         7438      2          4
1863         7438      3          3
1864         7440      2          1
1865         7440      3          1
1866         7449      3         10
1867         7454      3         36
1868         7455      3          3
1869         7458      2          4
1870         7459      3          5
1871         7460      3          7
1872         7464      3          1
1873         7465      3          3
1874         7470      2          6
1875         7477      3          6
1876         7480      3          2
1877         7482      3          1
1878         7485      2          3
1879         7489      3          2
1880         7493      3          9
1881         7499      3          2
1882         7508      3          2
1883         7514      3          8
1884         7515      3          3
1885         7516      3          5
1886         7517      3          2
1887         7519      3          2
1888         7520      3          1
1889         7524      3          2
1890         7524      2          1
1891         7526      2          1
1892         7526      3          1
1893         7529      2          1
1894         7529      3          1
1895         7535      2          1
1896         7535      3          1
1897         7537      3          7
1898         7537      2          2
1899         7540      3          2
1900         7545      3          2
1901         7547      3          4
1902         7552      2          2
1903         7552      3          1
1904         7554      2          1
1905         7558      3          3
1906         7559      3          4
1907         7560      3          3
1908         7562      3          3
1909         7568      3          2
1910         7570      3          2
1911         7572      2          3
1912         7575      2          4
1913         7576      3         16
1914         7576      2         13
1915         7577      3          2
1916         7578      2          3
1917         7581      2          2
1918         7581      3          1
1919         7583      2         12
1920         7583      3          2
1921         7586      3         11
1922         7589      2          4
1923         7589      3          3
1924         7590      3          5
1925         7591      3          5
1926         7593      3         11
1927         7594      3          3
1928         7600      2          6
1929         7600      3          1
1930         7602      3          2
1931         7602      2          1
1932         7604      3          2
1933         7604      2          1
1934         7605      3          1
1935         7609      2          1
1936         7612      3          4
1937         7612      2          1
1938         7614      3          6
1939         7617      2          2
1940         7620      3          2
1941         7621      3          8
1942         7623      3          2
1943         7626      3          4
1944         7629      3          8
1945         7630      2          3
1946         7632      3         14
1947         7633      2          4
1948         7641      2          1
1949         7647      2          2
1950         7648      2          1
1951         7653      3          4
1952         7654      2          1
1953         7657      3          2
1954         7659      2          4
1955         7664      3          2
1956         7665      3          3
1957         7665      2          1
1958         7668      3          5
1959         7668      1          2
1960         7668      2          2
1961         7669      3         19
1962         7669      2          1
1963         7671      2          2
1964         7672      3          6
1965         7672      2          1
1966         7677      2          2
1967         7681      3          3
1968         7682      2          3
1969         7685      3          3
1970         7686      3         11
1971         7693      2          2
1972         7698      3          2
1973         7704      3          3
1974         7705      3          3
1975         7708      3          5
1976         7708      2          2
1977         7711      2          5
1978         7713      2          3
1979         7717      3          2
1980         7718      3          4
1981         7721      3          2
1982         7721      2          1
1983         7723      3         11
1984         7724      2          2
1985         7724      3          1
1986         7725      3          8
1987         7727      2          2
1988         7728      3          7
1989         7730      3          4
1990         7732      2          1
1991         7734      3         10
1992         7735      3          3
1993         7737      2          2
1994         7739      2          1
1995         7744      2          3
1996         7750      3          2
1997         7750      2          1
1998         7753      2          2
1999         7753      3          1
2000         7754      3          2
2001         7757      3          6
2002         7759      2          1
2003         7760      3          7
2004         7760      2          1
2005         7763      3          3
2006         7766      3          4
2007         7767      3          5
2008         7767      2          2
2009         7767      1          1
2010         7768      2          3
2011         7769      3          3
2012         7771      2          2
2013         7771      3          1
2014         7775      3          1
2015         7777      2          2
2016         7778      2          3
2017         7781      2          2
2018         7781      3          2
2019         7785      2          2
2020         7785      3          1
2021         7786      2          4
2022         7789      2          3
2023         7791      2          2
2024         7791      3          1
2025         7792      2          1
2026         7793      3          1
2027         7795      3          2
2028         7796      2          3
2029         7800      3          8
2030         7802      2          2
2031         7803      3          2
2032         7806      2          2
2033         7806      3          2
2034         7807      3          8
2035         7808      3          2
2036         7810      2          2
2037         7822      2          1
2038         7823      3          3
2039         7823      2          1
2040         7825      3          9
2041         7825      2          2
2042         7831      3          8
2043         7836      2          1
2044         7836      3          1
2045         7838      3          3
2046         7840      3          7
2047         7845      2          1
2048         7847      3          2
2049         7849      3          3
2050         7849      2          1
2051         7850      2          2
2052         7850      3          1
2053         7851      2          3
2054         7854      2          1
2055         7854      3          1
2056         7856      3          3
2057         7858      3         11
2058         7860      3          3
2059         7861      2          1
2060         7861      3          1
2061         7862      2          1
2062         7872      2          3
2063         7873      3          2
2064         7873      2          1
2065         7874      3          9
2066         7876      2          3
2067         7878      3          2
