
Five top records of edgelist dataset
       txId1      txId2
0  230425980    5530458
1  232022460  232438397
2  230460314  230459870
3  230333930  230595899
4  232013274  232029206

Five top records of classes dataset
        txId    class
0  230425980  unknown
1    5530458  unknown
2  232022460  unknown
3  232438397        2
4  230460314  unknown

Five top records of features dataset
         0    1         2         3         4          5         6         7          8         9         10        11        12        13        14        15        16        17        18        19        20        21        22        23        24        25        26        27        28        29        30        31        32        33        34        35        36        37        38        39        40        41        42        43        44        45        46        47        48        49        50        51        52        53        54        55        56        57        58        59        60        61        62        63        64        65        66        67        68        69        70        71        72        73        74        75        76        77        78        79        80        81        82        83        84        85        86        87        88        89        90        91        92        93        94        95        96        97        98        99        100       101       102       103       104       105       106       107       108       109       110       111       112       113       114       115       116       117       118       119       120       121       122       123       124       125       126       127       128       129       130       131       132       133       134       135       136       137       138       139       140       141       142       143       144       145       146       147       148       149       150       151       152       153       154       155       156       157       158       159       160       161       162       163       164       165       166
0  230425980    1 -0.171469 -0.184668 -1.201369  -0.121970 -0.043875 -0.113002  -0.061584 -0.162097 -0.167933 -0.049707 -0.164402 -0.028741 -0.035391 -0.042955 -0.013282 -0.057195 -0.169609 -0.171154 -0.174473 -1.373657 -1.371460 -0.139731 -0.148912 -0.080147 -0.155661 -0.010763 -0.012107 -0.139733 -0.148907 -0.080147 -0.155661 -0.010669 -0.012005 -0.024669 -0.031272 -0.023045 -0.026215  0.001428  0.001483 -0.227215 -0.239368 -0.075256 -0.234952  0.037468  0.043444 -0.227203 -0.243236 -0.097895 -0.235896  0.036577  0.042345 -0.414005 -0.488340 -0.232553 -0.467554  0.048767  0.052956 -0.039149 -0.172895 -0.163126 -0.160932 -1.316342 -1.315388 -0.039144 -0.172884 -0.163115 -0.160925 -1.316333 -1.315375 -0.017032 -0.030026 -0.017640 -0.015071 -0.140763 -0.140335 -0.095403 -0.264376 -0.250523 -0.263703  1.133527  1.135947 -0.059013 -0.262368 -0.255111 -0.259194  1.125590  1.128038 -0.293773 -0.159732  0.034039 -0.183816  1.135523  1.135279 -0.169160 -0.201584 -0.116817 -0.191472 -0.014659 -0.018849 -1.457953 -1.494057 -0.083459 -1.485972 -0.088798 -0.090437 -0.166550 -0.216536 -0.134546 -0.194817 -0.003175 -0.004094 -1.096336 -1.267340 -0.349933 -1.230441 -0.004358 -0.004194 -0.116425 -0.176617 -0.137323 -0.152464 -0.026060 -0.027660 -0.093145 -0.143707 -0.097719 -0.127462  0.003143  0.002426 -0.120950 -0.199145 -0.187993 -0.212948  1.064205  1.063787 -1.373782 -1.354735 -0.297975 -1.403698  1.342003  1.340733 -0.171601 -0.458162 -0.423588 -0.440883 -1.015963 -1.016230 -0.968903 -0.375715  0.759748 -0.768329  1.488113  1.487932 -0.216814 -0.605631 -0.562153 -0.600999  1.461330  1.461369  0.018279 -0.087490 -0.131155 -0.097524 -0.120613 -0.119792
1    5530458    1 -0.171484 -0.184668 -1.201369  -0.121970 -0.043875 -0.113002  -0.061584 -0.162112 -0.167948 -0.049707 -0.164417 -0.028741 -0.035391 -0.042955 -0.013282 -0.055327 -0.169757 -0.171477 -0.174490  0.887058  0.884557 -0.139731 -0.148912 -0.080147 -0.155661 -0.010763 -0.012107 -0.139733 -0.148907 -0.080147 -0.155661 -0.010669 -0.012005 -0.024669 -0.031272 -0.023045 -0.026215  0.001428  0.001483 -0.227215 -0.239368 -0.075256 -0.234952  0.037468  0.043444 -0.227203 -0.243236 -0.097895 -0.235896  0.036577  0.042345 -0.413965 -0.488307 -0.232553 -0.467516  0.048767  0.052956 -0.039151 -0.172895 -0.163126 -0.160933  0.923473  0.923011 -0.039146 -0.172884 -0.163114 -0.160926  0.923516  0.923110 -0.017032 -0.030026 -0.017640 -0.015071 -0.140763 -0.140335 -0.095403 -0.264425 -0.250574 -0.263753 -0.169119 -0.167165 -0.059013 -0.262424 -0.255168 -0.259251 -0.187191 -0.185274 -0.293692 -0.760700 -0.692777 -0.719789 -1.084907 -1.084845 -0.170113 -0.202332 -0.116817 -0.192405 -0.014659 -0.018849 -1.457921 -1.494024 -0.083459 -1.485939 -0.088798 -0.090437 -0.166550 -0.216536 -0.134546 -0.194817 -0.003175 -0.004094 -1.096336 -1.267340 -0.349933 -1.230441 -0.004358 -0.004194 -0.116425 -0.176617 -0.137323 -0.152464 -0.026060 -0.027660 -0.093145 -0.143707 -0.097719 -0.127462  0.003143  0.002426 -0.121330 -0.110933 -0.075909 -0.111641 -1.159649 -1.160129 -1.373723 -1.353918 -0.295982 -1.403215 -0.975738 -0.975237 -0.168742 -0.263290 -0.186389 -0.250875 -1.015963 -1.016230 -0.968903  0.146997  1.366287 -0.464773 -1.116918 -1.116948 -0.216814  0.634272  0.947382  0.673103 -0.979074 -0.978556  0.018279 -0.087490 -0.131155 -0.097524 -0.120613 -0.119792
2  232022460    1 -0.172107 -0.184668 -1.201369  -0.121970 -0.043875 -0.113002  -0.061584 -0.162749 -0.168576 -0.049707 -0.165054 -0.028741 -0.035391 -0.042955 -0.013282 -0.055298 -0.170400 -0.172217 -0.175227  0.887058  0.884557 -0.139729 -0.148911 -0.080147 -0.155660 -0.010763 -0.012107 -0.139731 -0.148906 -0.080147 -0.155660 -0.010669 -0.012005 -0.024669 -0.031272 -0.023045 -0.026215  0.001428  0.001483 -0.227178 -0.239333 -0.075256 -0.234914  0.037468  0.043444 -0.227164 -0.243198 -0.097895 -0.235857  0.036577  0.042345 -0.268737 -0.367521 -0.232553 -0.328163  0.048767  0.052956 -0.039141 -0.172871 -0.163101 -0.160907 -1.316342 -1.315388 -0.039136 -0.172859 -0.163090 -0.160900 -1.316333 -1.315375 -0.017032 -0.030025 -0.017639 -0.015070 -2.428426 -2.429065 -0.095104 -0.263675 -0.249836 -0.262963 -1.471764 -1.470277 -0.058524 -0.261612 -0.254373 -0.258387 -1.499972 -1.498585 -0.021809  1.936814  2.448785  1.775108 -1.084907 -1.084845 -0.170528 -0.202658 -0.116817 -0.192811 -0.014659 -0.018849 -1.457953 -1.494057 -0.083459 -1.485972 -0.088798 -0.090437 -0.166550 -0.216536 -0.134546 -0.194817 -0.003175 -0.004094 -1.096336 -1.267340 -0.349933 -1.230441 -0.004358 -0.004194 -0.116425 -0.176617 -0.137323 -0.152464 -0.026060 -0.027660 -0.095559 -0.145126 -0.097719 -0.129496  0.003143  0.002426 -0.122974 -0.041556  0.012549 -0.032244 -1.159649 -1.160129 -1.373902 -1.356210 -0.301548 -1.404577 -0.975738 -0.975237 -0.168742 -0.192468 -0.099790 -0.182133 -1.015963 -1.016230 -0.968903 -1.421138 -0.453330 -1.375441 -1.116918 -1.116948 -0.216814  0.407161  0.670883  0.439728 -0.979074 -0.978556 -0.098889 -0.106715 -0.131155 -0.183671 -0.120613 -0.119792
3  232438397    1  0.163054  1.963790 -0.646376  12.409294 -0.063725  9.782742  12.414558 -0.163645 -0.115831  0.043598 -0.163905  1.059993  2.397457 -0.063200 -0.013282  4.800240  0.174329 -0.172908  0.619399 -0.243300 -0.243452 -0.139732 -0.146895 -0.079667 -0.155554  0.773847  0.378516 -0.139734 -0.146891 -0.079667 -0.155553  0.773932  0.378593 -0.024669 -0.031271 -0.023044 -0.026215  0.101008  0.026315 -0.227215 -0.156772  0.089307 -0.212195 -2.772015 -2.371969 -0.227203 -0.221151 -0.066858 -0.232011 -2.165534 -2.175855 -0.414008  4.181192  4.346640  1.777963 -1.451545 -1.530250  4.628683  0.513804 -0.163126  1.208220 -0.196435 -0.196189  4.629650  0.513869 -0.163115  1.208278 -0.196409 -0.196133 -0.017032 -0.030026 -0.017640 -0.015071 -0.140763 -0.140335  4.313295  0.216750 -0.250574  0.707151 -0.169119 -0.167165  6.220011  0.216948 -0.255168  0.717108 -0.187191 -0.185274  3.991587  0.810879 -0.694235  2.084651  0.025308  0.025217 -0.171098  0.266450  0.159432 -0.159946  0.970465  1.928382 -1.457953 -1.493992 -0.083124 -1.485957 -0.234171 -0.205513 -0.176219 -0.056011 -0.082822 -0.191696  0.323773  0.668621 -1.096336  0.787435  0.856163 -1.104530  0.715115  0.958373 -0.116425  0.312047  0.064623 -0.101755 -0.247676 -1.201993 -0.095559  0.523326  0.019771 -0.119195  0.147881  0.956170  0.759756 -0.041556 -0.188716  0.149949 -0.047722 -0.048171 -1.373723 -1.356131 -0.301754 -1.404445  0.183133  0.182748 -0.163577 -0.456561 -0.424672 -0.436915  0.143001  0.142525 -0.425896 -1.421138 -1.059868 -1.071885  0.185597  0.185492 -0.216814 -0.617907 -0.577099 -0.613614  0.241128  0.241406  1.072793  0.085530 -0.131155  0.677799 -0.120613 -0.119792
4  230460314    1  1.011523 -0.081127 -1.201369   1.153668  0.333276  1.312656  -0.061584 -0.163523  0.041399  0.935886 -0.098695  1.203038  0.988902  0.341693 -0.013282 -0.057392  0.058329 -0.032930 -0.042709  0.065455  0.324947 -0.139732 -0.148854 -0.080105 -0.155638  1.313051  1.106965 -0.139734 -0.148850 -0.080104 -0.155638  1.313130  1.106995 -0.024669 -0.031272 -0.023045 -0.026215  0.001428  0.001483 -0.227215 -0.239359 -0.075242 -0.234950 -0.866062 -0.856034 -0.227203 -0.243226 -0.097872 -0.235895 -0.871028 -0.861079 -0.414031 -0.487284 -0.231224 -0.467274  0.557030  0.745976 -0.039151 -0.172839 -0.163094 -0.160904  0.094039  0.222421 -0.039146 -0.172828 -0.163083 -0.160897  0.094081  0.202143 -0.017032 -0.029992 -0.017629 -0.015067 -0.309718 -0.309369 -0.095403 -0.264416 -0.250569 -0.263750 -0.842439 -0.840727 -0.059135 -0.262415 -0.255162 -0.259249 -0.696206 -0.714093 -0.293897 -0.761399 -0.693922 -0.720790 -0.487315 -0.563089 -0.162974  0.844932  1.723414  0.440298  1.214440  1.049649 -1.460035 -1.494122 -0.070389 -1.486470 -0.861325 -1.091559 -0.166550 -0.174293 -0.091258 -0.154707  1.664843  1.664621 -1.096336 -1.267340 -0.349933 -1.230441 -0.004358 -0.004194 -0.011925  1.228292  1.193497  1.471777  1.796374  1.817237 -0.093145 -0.116742 -0.077909 -0.093120  1.587690  1.586539 -0.101820  0.704558  0.448898  0.659662  0.311091  0.302198 -1.373962 -1.355393 -0.300941 -1.404583  0.064846 -0.035232 -0.168742 -0.442156 -0.416540 -0.418273  0.367605  0.392035 -0.968903 -1.943850 -1.059868 -1.678997  0.185597  0.185492 -0.169472 -0.470592 -0.511871 -0.400422  0.517257  0.579382  0.018279  0.277775  0.326394  1.293750  0.178136  0.179117

The number of nodes: 203769
The number of edges: 234355
The number of timesteps: 49

Number of transaction classes: 3
Classes names:
- unknown
- 2
- 1

Transaction classes distribution:

unknown    157205
2           42019
1            4545

Fraudulent transactions in each timestep:

    TimeStep  NumberOfFraudulentTransactions
0         32                             342
1         29                             329
2         13                             291
3         20                             260
4          9                             248
5         42                             239
6         35                             182
7         22                             158
8         15                             147
9         24                             137
10        11                             131
11        16                             128
12        25                             118
13        41                             116
14        40                             112
15        38                             111
16        31                             106
17         7                             102
18        21                             100
19        17                              99
20        26                              96
21        28                              85
22        30                              83
23        39                              81
24        19                              80
25         8                              67
26        49                              56
27        23                              53
28        18                              52
29        14                              43
30        37                              40
31        34                              37
32        48                              36
33        36                              33
34         4                              30
35        27                              24
36        43                              24
37        44                              24
38        33                              23
39        47                              22
40        10                              18
41         2                              18
42         1                              17
43        12                              16
44         3                              11
45         5                               8
46        45                               5
47         6                               5
48        46                               2

Graph sizes distribution:

    TimeStep  Size
0          1  7880
1         42  7140
2          5  6803
3         10  6727
4          3  6621
5         36  6393
6          7  6048
7         22  5894
8          4  5693
9         45  5598
10        35  5507
11        41  5342
12        47  5121
13        43  5063
14         9  4996
15        44  4975
16        24  4592
17         2  4544
18        13  4528
19        32  4525
20        40  4481
21         8  4457
22         6  4328
23        11  4296
24        20  4291
25        29  4275
26        23  4165
27        15  3639
28        21  3537
29        46  3519
30        19  3506
31        17  3385
32        37  3306
33        33  3151
34        16  2975
35        48  2954
36        38  2891
37        31  2816
38        39  2760
39        26  2523
40        34  2486
41        30  2483
42        49  2454
43        25  2314
44        12  2047
45        14  2022
46        18  1976
47        28  1653
48        27  1089

Missing values in the classes dataset:

txId     0
class    0

Missing values in the features dataset:

0      0
1      0
2      0
3      0
4      0
5      0
6      0
7      0
8      0
9      0
10     0
11     0
12     0
13     0
14     0
15     0
16     0
17     0
18     0
19     0
20     0
21     0
22     0
23     0
24     0
25     0
26     0
27     0
28     0
29     0
30     0
31     0
32     0
33     0
34     0
35     0
36     0
37     0
38     0
39     0
40     0
41     0
42     0
43     0
44     0
45     0
46     0
47     0
48     0
49     0
50     0
51     0
52     0
53     0
54     0
55     0
56     0
57     0
58     0
59     0
60     0
61     0
62     0
63     0
64     0
65     0
66     0
67     0
68     0
69     0
70     0
71     0
72     0
73     0
74     0
75     0
76     0
77     0
78     0
79     0
80     0
81     0
82     0
83     0
84     0
85     0
86     0
87     0
88     0
89     0
90     0
91     0
92     0
93     0
94     0
95     0
96     0
97     0
98     0
99     0
100    0
101    0
102    0
103    0
104    0
105    0
106    0
107    0
108    0
109    0
110    0
111    0
112    0
113    0
114    0
115    0
116    0
117    0
118    0
119    0
120    0
121    0
122    0
123    0
124    0
125    0
126    0
127    0
128    0
129    0
130    0
131    0
132    0
133    0
134    0
135    0
136    0
137    0
138    0
139    0
140    0
141    0
142    0
143    0
144    0
145    0
146    0
147    0
148    0
149    0
150    0
151    0
152    0
153    0
154    0
155    0
156    0
157    0
158    0
159    0
160    0
161    0
162    0
163    0
164    0
165    0
166    0

Missing values in the edgelist dataset:

txId1    0
txId2    0
