      communityId  class  frequency
0              28      1          2
1              29      1          2
2              30      1          2
3              31      1          2
4              32      1          2
5              33      0          3
6              33      1          2
7              34      0         16
8              34      1          2
9              35      1          2
10             36      0         16
11             36      1          2
12             37      1          2
13             38      0          2
14             38      1          2
15             39      1          2
16             40      0          3
17             40      1          2
18             41      0          4
19             41      1          2
20             42      1          2
21             43      0          2
22             43      1          2
23             44      1          2
24             45      0          2
25             45      1          2
26             46      1          2
27             47      0          6
28             47      1          2
29             48      1          2
30             49      0          4
31             49      1          2
32             50      1          2
33             51      0          4
34             51      1          2
35             52      1          2
36             53      0          2
37             53      1          2
38             54      1          2
39             55      1          2
40           4302      0          2
41           4303      0          2
42           4304      0          2
43           4305      0          2
44           4306      0          2
45           4307      0          2
46           4308      0          2
47           4309      0          9
48           4310      0         15
49           4311      0          2
50           4312      0          2
51           4313      0          2
52           4314      0          2
53           4315      0          5
54           4316      0          2
55           4317      0          2
56           4318      0          2
57           4319      0          4
58           4320      0          2
59           4321      0          7
60           4322      0          3
61           4323      0          2
62           4324      0         23
63           4325      0          2
64           4326      0          2
65           4327      0          2
66           4328      0          2
67           4329      0          2
68           4330      0          2
69           4331      0          2
70           4332      0          2
71           4333      0          2
72           4334      0          2
73           4335      0          2
74           4336      0          2
75           4337      0          2
76           4338      0          2
77           4339      0          2
78           4340      0          2
79           4341      0         11
80           4342      0         10
81           4343      0          2
82           4344      0          2
83           4345      0          2
84           4346      0          2
85           4347      0          5
86           4348      0         28
87           4349      0          2
88           4350      0          2
89           4351      0          4
90           4352      0          2
91           4353      0          2
92           4354      0          2
93           4355      0          2
94           4356      0          2
95           4357      0          2
96           4358      0          3
97           4359      0          3
98           4360      0          8
99           4361      0          3
100          4362      0          2
101          4363      0          2
102          4364      0         11
103          4365      0          2
104          4366      0          2
105          4367      0          2
106          4368      0          7
107          4369      0          2
108          4370      0          3
109          4371      0         11
110          4372      0         28
111          4373      0          2
112          4374      0          2
113          4375      0          2
114          4376      0          2
115          4377      0          2
116          4378      0          6
117          4379      0          2
118          4380      0         16
119          4381      0         22
120          4382      0         37
121          4383      0         24
122          4384      0         13
123          4385      0         31
124          4386      0          6
125          4387      0          2
126          4388      0          2
127          4389      0          2
128          4390      0          2
129          4391      0          2
130          4392      0          2
131          4393      0          2
132          4394      0          2
133          4395      0          4
134          4396      0         17
135          4397      0         21
136          4398      0          3
137          4399      0          6
138          4400      0          8
139          4401      0         24
140          4402      0         43
141          4403      0          2
142          4404      0          2
143          4405      0         26
144          4406      0          9
145          4407      0          2
146          4408      0          2
147          4409      0         11
148          4410      0          2
149          4411      0         36
150          4412      0          2
151          4413      0          2
152          4414      0          2
153          4415      0          2
154          4416      0          2
155          4417      0          2
156          4418      0          2
157          4419      0          2
158          4420      0         29
159          4421      0          5
160          4422      0          2
161          4423      0          2
162          4424      0          2
163          4425      0          2
164          4426      0          2
165          4427      0         11
166          4428      0          2
167          4429      0          2
168          4430      0          6
169          4431      0          2
170          4432      0          2
171          4433      0          2
172          4434      0         16
173          4435      0          2
174          4436      0          2
175          4437      0         20
176          4438      0          5
177          4439      0         27
178          4440      0          6
179          4441      0         30
180          4442      0          8
181          4443      0          3
182          4444      0         25
183          4445      0         12
184          4446      0          4
185          4447      0          3
186          4448      0         17
187          4449      0         12
188          4450      0          4
189          4451      0         21
190          4452      0         14
191          4453      0          4
192          4454      0         18
193          4455      0         20
194          4456      0          3
195          4457      0          8
196          4458      0         29
197          4459      0          2
198          4460      0          2
199          4461      0          2
200          4462      0          2
201          4463      0          2
202          4464      0          2
203          4465      0          2
204          4466      0          2
205          4467      0          2
206          4468      0          4
207          4469      0          2
208          4470      0          2
209          4471      0         11
210          4472      0          8
211          4473      0          7
212          4474      0          2
213          4475      0          2
214          4476      0          2
215          4477      0          2
216          4478      0          2
217          4479      0          2
218          4480      0          2
219          4481      0          2
220          4482      0          2
221          4483      0          2
222          4484      0          2
223          4485      0          2
224          4486      0          2
225          4487      0          2
226          4488      0          2
227          4489      0          2
228          4490      0          2
229          4491      0          2
230          4492      0          2
231          4493      0          2
232          4494      0          2
233          4495      0          2
234          4496      0          2
235          4497      0         11
236          4498      0          2
237          4499      0          2
238          4500      0          2
239          4501      0          2
240          4502      0          2
241          4503      0          2
242          4504      0          2
243          4505      0          2
244          4506      0          2
245          4507      0          2
246          4508      0          2
247          4509      0          2
248          4510      0         19
249          4511      0          2
250          4512      0          2
251          4513      0          2
252          4514      0          2
253          4515      0          2
254          4516      0          2
255          4517      0          2
256          4518      0          2
257          4519      0          2
258          4520      0          2
259          4521      0          2
260          4522      0          2
261          4523      0          2
262          4524      0          2
263          4525      0          2
264          4526      0          2
265          4527      0          2
266          4528      0         17
267          4529      0          2
268          4530      0          2
269          4531      0          2
270          4532      0          2
271          4533      0          2
272          4534      0          2
273          4535      0          2
274          4536      0          2
275          4537      0          2
276          4538      0          2
277          4539      0          2
278          4540      0          2
279          4541      0          2
280          4542      0          2
281          4543      0          2
282          4544      0          2
283          4545      0          2
284          4546      0         10
285          4547      0          2
286          4548      0          7
287          4549      0          2
288          4550      0          3
289          4551      0          2
290          4552      0          2
291          4553      0          2
292          4554      0          2
293          4555      0          2
294          4556      0          2
295          4557      0          2
296          4558      0          2
297          4559      0          2
298          4560      0          2
299          4561      0          2
300          4562      0         19
301          4563      0          2
302          4564      0          2
303          4565      0          2
304          4566      0          2
305          4567      0          2
306          4568      0         26
307          4569      0         31
308          4570      0          9
309          4571      0         14
310          4572      0          2
311          4573      0          2
312          4574      0          2
313          4575      0          5
314          4576      0          6
315          4577      0          2
316          4578      0          7
317          4579      0          3
318          4580      0          6
319          4581      0          5
320          4582      0         19
321          4583      0         20
322          4584      0          6
323          4585      0          2
324          4586      0         11
325          4587      0         21
326          4588      0          4
327          4589      0          2
328          4590      0          2
329          4591      0          9
330          4592      0          4
331          4593      0          2
332          4594      0          2
333          4595      0          2
334          4596      0          2
335          4597      0          2
336          4598      0          2
337          4599      0          2
338          4600      0          2
339          4601      0          2
340          4602      0          2
341          4603      0          2
342          4604      0          8
343          4605      0          2
344          4606      0          2
345          4607      0          2
346          4608      0          7
347          4609      0         10
348          4610      0          2
349          4611      0          2
350          4612      0          2
351          4613      0          2
352          4614      0          2
353          4615      0          2
354          4616      0          2
355          4617      0          2
356          4618      0          2
357          4619      0          2
358          4620      0          2
359          4621      0          2
360          4622      0          2
361          4623      0          2
362          4624      0          2
363          4625      0          2
364          4626      0          2
365          4627      0          2
366          4628      0          2
367          4629      0          2
368          4630      0          2
369          4631      0          2
370          4632      0          2
371          4633      0          2
372          4634      0          2
373          4635      0          8
374          4636      0          2
375          4637      0          2
376          4638      0          2
377          4639      0          2
378          4640      0          2
379          4641      0          2
380          4642      0          2
381          4643      0          2
382          4644      0          2
383          4645      0          6
384          4646      0          2
385          4647      0          2
386          4648      0          2
387          4649      0          2
388          4650      0          2
389          4651      0          2
390          4652      0          2
391          4653      0          2
392          4654      0          2
393          4655      0          2
394          4656      0          2
395          4657      0          2
396          4658      0          2
397          4659      0          2
398          4660      0          2
399          4661      0          2
400          4662      0          2
401          4663      0          2
402          4664      0          2
403          4665      0          2
404          4666      0          2
405          4667      0          2
406          4668      0          2
407          4669      0          2
408          4670      0          2
409          4671      0          2
410          4672      0          2
411          4673      0          2
412          4674      0          2
413          4675      0          2
414          4676      0          2
415          4677      0          2
416          4678      0          2
417          4679      0          6
418          4680      0         10
419          4681      0          8
420          4682      0         20
421          4683      0          2
422          4684      0          3
423          4685      0          6
424          4686      0          2
425          4687      0          4
426          4688      0         15
427          4689      0         15
428          4690      0          2
429          4691      0          2
430          4692      0          2
431          4693      0          2
432          4694      0          2
433          4695      0          2
434          4696      0          2
435          4697      0          2
436          4698      0          2
437          4699      0          2
438          4700      0          2
439          4701      0          2
440          4702      0          2
441          4703      0          4
442          4704      0          2
443          4705      0          2
444          4706      0          4
445          4707      0          4
446          4708      0          2
447          4709      0          2
448          4710      0          2
449          4711      0          2
450          4712      0          2
451          4713      0         23
452          4714      0          2
453          4715      0          2
454          4716      0          2
455          4717      0          2
456          4718      0          2
457          4719      0          2
458          4720      0          2
459          4721      0          2
460          4722      0          2
461          4723      0          2
462          4724      0          2
463          4725      0          2
464          4726      0          2
465          4727      0          2
466          4728      0          2
467          4729      0          2
468          4730      0          2
469          4731      0          2
470          4732      0          2
471          4733      0          2
472          4734      0          2
473          4735      0          2
474          4736      0          2
475          4737      0          2
476          4738      0          2
477          4739      0          2
478          4740      0          2
479          4741      0          2
480          4742      0          2
481          4743      0          2
482          4744      0          2
483          4745      0          2
484          4746      0          2
485          4747      0          2
486          4748      0          2
487          4749      0          2
488          4750      0          2
489          4751      0          2
490          4752      0          2
491          4753      0          2
492          4754      0          2
493          4755      0          2
494          4756      0          2
495          4757      0          2
496          4758      0          2
497          4759      0          2
498          4760      0          2
499          4761      0          2
500          4762      0          2
501          4763      0          2
502          4764      0          2
503          4765      0          2
504          4766      0          2
505          4767      0          2
506          4768      0          2
507          4769      0          2
508          4770      0          2
509          4771      0          2
510          4772      0          2
511          4773      0          2
512          4774      0          8
513          4775      0          2
514          4776      0          8
515          4777      0          2
516          4778      0          2
517          4779      0          2
518          4780      0          2
519          4781      0          5
520          4782      0          2
521          4783      0          2
522          4784      0          2
523          4785      0          2
524          4786      0          2
525          4787      0          2
526          4788      0          3
527          4789      0          2
528          4790      0          2
529          4791      0          2
530          4792      0          2
531          4793      0          2
532          4794      0          2
533          4795      0         25
534          4796      0          2
535          4797      0          2
536          4798      0          2
537          4799      0          4
538          4800      0          3
539          4801      0          2
540          4802      0          2
541          4803      0          2
542          4804      0          2
543          4805      0          2
544          4806      0          2
545          4807      0          2
546          4808      0          2
547          4809      0          2
548          4810      0          2
549          4811      0          2
550          4812      0          2
551          4813      0          2
552          4814      0          2
553          4815      0          2
554          4816      0          2
555          4817      0          2
556          4818      0          2
557          4819      0          2
558          4820      0          2
559          4821      0          3
560          4822      0          2
561          4823      0          2
562          4824      0          2
563          4825      0         12
564          4826      0          2
565          4827      0          2
566          4828      0          2
567          4829      0          2
568          4830      0          2
569          4831      0          2
570          4832      0          2
571          4833      0          2
572          4834      0          6
573          4835      0          4
574          4836      0          2
575          4837      0          2
576          4838      0          2
577          4839      0          2
578          4840      0          2
579          4841      0          2
580          4842      0          2
581          4843      0          2
582          4844      0          2
583          4845      0          2
584          4846      0          2
585          4847      0          4
586          4848      0          2
587          4849      0          2
588          4850      0          2
589          4851      0          2
590          4852      0          2
591          4853      0          2
592          4854      0          2
593          4855      0          2
594          4856      0          2
595          4857      0          8
596          4858      0          2
597          4859      0          2
598          4860      0          2
599          4861      0         19
600          4862      0          2
601          4863      0          2
602          4864      0          2
603          4865      0          2
604          4866      0          2
605          4867      0          2
606          4868      0          2
607          4869      0          2
608          4870      0          4
609          4871      0          2
610          4872      0          2
611          4873      0          2
612          4874      0          4
613          4875      0          2
614          4876      0          2
615          4877      0          2
616          4878      0          2
617          4879      0          2
618          4880      0          2
619          4881      0          2
620          4882      0          2
621          4883      0          2
622          4884      0          2
623          4885      0          2
624          4886      0          2
625          4887      0          2
626          4888      0          2
627          4889      0          2
628          4890      0          2
629          4891      0          2
630          4892      0          2
631          4893      0          2
632          4894      0          2
633          4895      0          2
634          4896      0          2
635          4897      0          2
636          4898      0          2
637          4899      0          2
638          4900      0          2
639          4901      0          2
640          4902      0          2
641          4903      0          2
642          4904      0          2
643          4905      0          2
644          4906      0          2
645          4907      0          2
646          4908      0          2
647          4909      0          2
648          4910      0          2
649          4911      0          2
650          4912      0          2
651          4913      0          2
652          4914      0          2
653          4915      0          2
654          4916      0          2
655          4917      0          2
656          4918      0          2
657          4919      0          3
658          4920      0          2
659          4921      0          2
660          4922      0          2
661          4923      0          2
662          4924      0          2
663          4925      0          2
664          4926      0          2
665          4927      0          2
666          4928      0          2
667          4929      0          2
668          4930      0          2
669          4931      0          2
670          4932      0          2
671          4933      0          5
672          4934      0          2
673          4935      0          5
674          4936      0          2
675          4937      0          2
676          4938      0          2
677          4939      0          2
678          4940      0          2
679          4941      0          2
680          4942      0          2
681          4943      0          2
682          4944      0          2
683          4945      0          2
684          4946      0          2
685          4947      0          2
686          4948      0          2
687          4949      0          2
688          4950      0          2
689          4951      0          2
690          4952      0          2
691          4953      0          2
692          4954      0          2
693          4955      0          2
694          4956      0          2
695          4957      0          2
696          4958      0          2
697          4959      0          2
698          4960      0          2
699          4961      0          2
700          4962      0          2
701          4963      0          2
702          4964      0          2
703          4965      0          6
704          4966      0          2
705          4967      0          3
706          4968      0          2
707          4969      0          2
708          4970      0         11
709          4971      0          2
710          4972      0          2
711          4973      0          2
712          4974      0          2
713          4975      0          2
714          4976      0          2
715          4977      0          2
716          4978      0          2
717          4979      0          2
718          4980      0          2
719          4981      0          7
720          4982      0          2
721          4983      0          2
722          4984      0          2
723          4985      0          2
724          4986      0          2
725          4987      0          2
726          4988      0          2
727          4989      0          2
728          4990      0          2
729          4991      0          2
730          4992      0          2
731          4993      0          2
732          4994      0          2
733          4995      0          4
734          4996      0          2
735          4997      0          2
736          4998      0          3
737          4999      0          2
738          5000      0          2
739          5001      0          3
740          5002      0          2
741          5003      0          2
742          5004      0          2
743          5005      0          2
744          5006      0          2
745          5007      0          2
746          5008      0          2
747          5009      0          2
748          5010      0          2
749          5011      0          2
750          5012      0          2
751          5013      0          2
752          5014      0          2
753          5015      0          2
754          5016      0          2
755          5017      0          2
756          5018      0          2
757          5019      0          2
758          5020      0          2
759          5021      0          2
760          5022      0          4
761          5023      0          2
762          5024      0          2
763          5025      0          2
764          5026      0          2
765          5027      0          2
766          5028      0          5
767          5029      0          2
768          5030      0          2
769          5031      0          2
770          5032      0          2
771          5033      0          2
772          5034      0          2
773          5035      0          2
774          5036      0          2
775          5037      0          2
776          5038      0          2
777          5039      0          2
778          5040      0          2
779          5041      0          2
780          5042      0          2
781          5043      0          3
782          5044      0          3
783          5045      0          2
784          5046      0          2
785          5047      0          2
786          5048      0          2
787          5049      0          2
788          5050      0          2
789          5051      0          2
790          5052      0          2
791          5053      0          2
792          5054      0          2
793          5055      0          2
794          5056      0          2
795          5057      0          2
796          5058      0          2
797          5059      0          2
798          5060      0          2
799          5061      0          2
800          5062      0          2
801          5063      0          2
802          5064      0          2
803          5065      0          2
804          5066      0          2
805          5067      0          2
806          5068      0          2
807          5069      0          2
808          5070      0          2
809          5071      0          2
810          5072      0          2
811          5073      0          2
812          5074      0          2
813          5075      0          2
814          5076      0          2
815          5077      0          2
816          5078      0          2
817          5079      0          2
818          5080      0          2
819          5081      0          2
820          5082      0          8
821          5083      0          6
822          5084      0          2
823          5085      0          2
824          5086      0          2
825          5087      0          4
826          5088      0          2
827          5089      0          3
828          5090      0          2
829          5091      0          2
830          5092      0          2
831          5093      0          2
832          5094      0          2
833          5095      0          2
834          5096      0          2
835          5097      0          2
836          5098      0          2
837          5099      0          5
838          5100      0          2
839          5101      0          2
840          5102      0          2
841          5103      0          2
842          5104      0          2
843          5105      0          2
844          5106      0          2
845          5107      0          2
846          5108      0          2
847          5109      0          2
848          5110      0          2
849          5111      0          2
850          5112      0          2
851          5113      0          2
852          5114      0          2
853          5115      0          2
854          5116      0          4
855          5117      0          2
856          5118      0          5
857          5119      0          2
858          5120      0          2
859          5121      0          2
860          5122      0          2
861          5123      0          8
862          5124      0          2
863          5125      0          2
864          5126      0          2
865          5127      0          2
866          5128      0          2
867          5129      0          2
868          5130      0          2
869          5131      0          2
870          5132      0          2
871          5133      0          2
872          5134      0          2
873          5135      0          2
874          5136      0          2
875          5137      0          2
876          5138      0          2
877          5139      0          2
878          5140      0          2
879          5141      0          2
880          5142      0          2
881          5143      0          2
882          5144      0          2
883          5145      0          2
884          5146      0          2
885          5147      0          2
886          5148      0          2
887          5149      0          2
888          5150      0          2
889          5151      0          2
890          5152      0          2
891          5153      0          2
892          5154      0          2
893          5155      0          2
894          5156      0          2
895          5157      0          2
896          5158      0          2
897          5159      0          2
898          5160      0          2
899          5161      0          2
900          5162      0          2
901          5163      0          2
902          5164      0          2
903          5165      0          2
904          5166      0          2
905          5167      0          2
906          5168      0          2
907          5169      0          2
908          5170      0          2
909          5171      0          2
910          5172      0          2
911          5173      0          2
912          5174      0          2
913          5175      0          2
914          5176      0          2
915          5177      0          2
916          5178      0          2
917          5179      0          2
918          5180      0          3
919          5181      0          2
920          5182      0          2
921          5183      0          2
922          5184      0          2
923          5185      0          2
924          5186      0          2
925          5187      0          2
926          5188      0          2
927          5189      0          2
928          5190      0          2
929          5191      0          2
930          5192      0          2
931          5193      0          2
932          5194      0          2
933          5195      0          4
934          5196      0          2
935          5197      0          2
936          5198      0          2
937          5199      0          2
938          5200      0          2
939          5201      0          2
940          5202      0          2
941          5203      0          2
942          5204      0          2
943          5205      0          2
944          5206      0          2
945          5207      0          2
946          5208      0          2
947          5209      0          2
948          5210      0          2
949          5211      0          2
950          5212      0          2
951          5213      0          2
952          5214      0          2
953          5215      0          2
954          5216      0          2
955          5217      0          2
956          5218      0          2
957          5219      0          2
958          5220      0          2
959          5221      0          2
960          5222      0          2
961          5223      0          2
962          5224      0          2
963          5225      0          2
964          5226      0          2
965          5227      0          2
966          5228      0          2
967          5229      0          2
968          5230      0          2
969          5231      0          2
970          5232      0          2
971          5233      0          2
972          5234      0          2
973          5235      0          2
974          5236      0          2
975          5237      0          2
976          5238      0          2
977          5239      0          2
978          5240      0          2
979          5241      0          2
980          5242      0          2
981          5243      0          5
982          5244      0          2
983          5245      0         16
984          5246      0          2
985          5247      0          2
986          5248      0          2
987          5249      0          2
988          5250      0          2
989          5251      0          2
990          5252      0         11
991          5253      0          2
992          5254      0          2
993          5255      0          2
994          5256      0          2
995          5257      0          2
996          5258      0          2
997          5259      0          2
998          5260      0          2
999          5261      0          2
1000         5262      0          2
1001         5263      0          2
1002         5264      0          2
1003         5265      0          2
1004         5266      0          2
1005         5267      0          2
1006         5268      0          2
1007         5269      0          6
1008         5270      0          2
1009         5271      0          2
1010         5272      0          2
1011         5273      0          2
1012         5274      0          2
1013         5275      0          2
1014         5276      0          2
1015         5277      0          2
1016         5278      0          2
1017         5279      0          2
1018         5280      0          2
1019         5281      0          2
1020         5282      0          2
1021         5283      0          2
1022         5284      0          2
1023         5285      0          2
1024         5286      0          2
1025         5287      0          2
1026         5288      0          2
1027         5289      0          2
1028         5290      0          2
1029         5291      0          2
1030         5292      0          2
1031         5293      0          2
1032         5294      0          2
1033         5295      0          2
1034         5296      0          2
1035         5297      0          2
1036         5298      0          2
1037         5299      0          2
1038         5300      0          2
1039         5301      0          2
1040         5302      0          2
1041         5303      0          2
1042         5304      0          2
1043         5305      0          2
1044         5306      0          2
1045         5307      0          2
1046         5308      0          2
1047         5309      0          5
1048         5310      0          2
1049         5311      0          2
1050         5312      0          2
1051         5313      0          5
1052         5314      0          2
1053         5315      0          2
1054         5316      0          2
1055         5317      0          2
1056         5318      0          2
1057         5319      0          2
1058         5320      0          2
1059         5321      0          2
1060         5322      0          2
1061         5323      0          2
1062         5324      0          2
1063         5325      0          2
1064         5326      0          2
1065         5327      0          2
1066         5328      0          2
1067         5329      0          2
1068         5330      0          2
1069         5331      0          2
1070         5332      0          2
1071         5333      0          2
1072         5334      0          2
1073         5335      0          2
1074         5336      0          2
1075         5337      0          2
1076         5338      0          2
1077         5339      0          2
1078         5340      0          2
1079         5341      0          2
1080         5342      0          2
1081         5343      0          2
1082         5344      0          2
1083         5345      0          2
1084         5346      0          2
1085         5347      0          2
1086         5348      0          2
1087         5349      0          2
1088         5350      0          2
1089         5351      0         12
1090         5352      0          2
1091         5353      0          2
1092         5354      0          2
1093         5355      0          2
1094         5356      0          5
1095         5357      0          2
1096         5358      0          2
1097         5359      0          2
1098         5360      0          2
1099         5361      0          2
1100         5362      0          2
1101         5363      0          2
1102         5364      0          2
1103         5365      0          2
1104         5366      0          2
1105         5367      0          2
1106         5368      0          2
1107         5369      0          2
1108         5370      0          2
1109         5371      0          2
1110         5372      0         11
1111         5373      0          2
1112         5374      0          2
1113         5375      0          2
1114         5376      0          2
1115         5377      0          2
1116         5378      0          2
1117         5379      0          2
1118         5380      0          2
1119         5381      0          2
1120         5382      0          2
1121         5383      0          2
1122         5384      0          2
1123         5385      0          2
1124         5386      0          2
1125         5387      0          2
1126         5388      0          2
1127         5389      0          2
1128         5390      0          2
1129         5391      0          2
1130         5392      0          2
1131         5393      0          2
1132         5394      0          2
1133         5395      0          2
1134         5396      0          2
1135         5397      0          2
1136         5398      0          2
1137         5399      0          2
1138         5400      0          2
1139         5401      0          5
1140         5402      0          5
1141         5403      0          2
1142         5404      0          2
1143         5405      0          2
1144         5406      0          2
1145         5407      0          7
1146         5408      0          5
1147         5409      0          3
1148         5410      0          2
1149         5411      0          2
1150         5412      0          2
1151         5413      0          2
1152         5414      0          2
1153         5415      0          2
1154         5416      0          2
1155         5417      0          2
1156         5418      0          2
1157         5419      0          2
1158         5420      0          2
1159         5421      0          2
1160         5422      0          2
1161         5423      0          2
1162         5424      0          2
1163         5425      0          2
1164         5426      0          2
1165         5427      0          2
1166         5428      0          2
1167         5429      0          2
1168         5430      0          2
1169         5431      0          2
1170         5432      0          2
1171         5433      0          4
1172         5434      0          2
1173         5435      0          2
1174         5436      0          2
1175         5437      0          2
1176         5438      0          2
1177         5439      0          2
1178         5440      0          2
1179         5441      0          2
1180         5442      0          2
1181         5443      0          2
1182         5444      0          2
1183         5445      0          2
1184         5446      0          2
1185         5447      0          2
1186         5448      0          2
1187         5449      0          2
1188         5450      0          2
1189         5451      0          2
1190         5452      0          2
1191         5453      0          2
1192         5454      0          2
1193         5455      0          2
1194         5456      0          2
1195         5457      0          2
1196         5458      0          2
1197         5459      0          2
1198         5460      0          2
1199         5461      0          2
1200         5462      0          2
1201         5463      0          2
1202         5464      0          2
1203         5465      0          2
1204         5466      0          2
1205         5467      0          2
1206         5468      0          3
1207         5469      0          2
1208         5470      0          2
1209         5471      0          2
1210         5472      0          2
1211         5473      0          2
1212         5474      0          2
1213         5475      0          2
1214         5476      0          2
1215         5477      0          2
1216         5478      0          2
1217         5479      0          5
1218         5480      0          2
1219         5481      0          2
1220         5482      0          2
1221         5483      0          2
1222         5484      0          2
1223         5485      0          2
1224         5486      0          2
1225         5487      0          2
1226         5488      0          2
1227         5489      0          2
1228         5490      0          2
1229         5491      0          2
1230         5492      0          2
1231         5493      0          2
1232         5494      0          2
1233         5495      0          2
1234         5496      0          2
1235         5497      0          2
1236         5498      0          2
1237         5499      0          2
1238         5500      0          2
1239         5501      0          2
1240         5502      0          2
1241         5503      0          2
1242         5504      0          2
1243         5505      0          2
1244         5506      0          2
1245         5507      0          2
1246         5508      0          2
1247         5509      0          2
1248         5510      0          2
1249         5511      0          2
1250         5512      0          2
1251         5513      0          2
1252         5514      0          2
1253         5515      0          2
1254         5516      0          2
1255         5517      0          2
1256         5518      0          2
1257         5519      0          2
1258         5520      0          2
1259         5521      0          2
1260         5522      0          2
1261         5523      0          2
1262         5524      0          2
1263         5525      0          2
1264         5526      0          2
1265         5527      0          2
1266         5528      0          2
1267         5529      0          2
1268         5530      0          2
1269         5531      0          2
1270         5532      0          2
1271         5533      0          2
1272         5534      0          2
1273         5535      0          2
1274         5536      0          2
1275         5537      0          2
1276         5538      0          2
1277         5539      0          2
1278         5540      0          2
1279         5541      0          2
1280         5542      0          2
1281         5543      0          2
1282         5544      0          2
1283         5545      0          2
1284         5546      0          2
1285         5547      0          2
1286         5548      0          2
1287         5549      0          2
1288         5550      0          2
1289         5551      0          2
1290         5552      0          2
1291         5553      0          2
1292         5554      0          2
1293         5555      0          2
1294         5556      0          2
1295         5557      0          2
1296         5558      0          2
1297         5559      0          2
1298         5560      0          2
1299         5561      0          2
1300         5562      0          2
1301         5563      0          2
1302         5564      0          2
1303         5565      0          2
1304         5566      0          2
1305         5567      0          2
1306         5568      0          2
1307         5569      0          2
1308         5570      0          2
1309         5571      0          2
1310         5572      0          2
1311         5573      0          2
1312         5574      0          2
1313         5575      0          2
1314         5576      0          2
1315         5577      0          2
1316         5578      0          2
1317         5579      0          2
1318         5580      0          2
1319         5581      0          2
1320         5582      0          2
1321         5583      0          2
1322         5584      0          2
1323         5585      0          2
1324         5586      0          2
1325         5587      0          2
1326         5588      0          2
1327         5589      0          2
1328         5590      0          7
1329         5591      0          2
1330         5592      0          2
1331         5593      0          2
1332         5594      0          4
1333         5595      0          8
1334         5596      0          2
1335         5597      0          2
1336         5598      0          2
1337         5599      0          2
1338         5600      0          2
1339         5601      0          2
1340         5602      0          2
1341         5603      0          2
1342         5604      0          2
1343         5605      0          2
1344         5606      0          2
1345         5607      0          2
1346         5608      0          3
1347         5609      0          3
1348         5610      0          2
1349         5611      0          2
1350         5612      0          2
1351         5613      0          2
1352         5614      0          5
1353         5615      0          2
1354         5616      0          2
1355         5617      0          2
1356         5618      0          2
1357         5619      0          2
1358         5620      0          2
1359         5621      0          2
1360         5622      0          2
1361         5623      0          2
1362         5624      0          2
1363         5625      0          4
1364         5626      0          2
1365         5627      0          2
1366         5628      0          2
1367         5629      0          2
1368         5630      0          2
1369         5631      0          2
1370         5632      0          8
1371         5633      0          2
1372         5634      0          2
1373         5635      0          2
1374         5636      0          2
1375         5637      0          2
1376         5638      0          2
1377         5639      0          2
1378         5640      0          2
1379         5641      0          2
1380         5642      0          2
1381         5643      0          3
1382         5644      0          2
1383         5645      0          2
1384         5646      0          2
1385         5647      0          2
1386         5648      0          2
1387         5649      0          2
1388         5650      0          2
1389         5651      0          2
1390         5652      0          2
1391         5653      0          2
1392         5654      0          2
1393         5655      0          2
1394         5656      0          2
1395         5657      0          2
1396         5658      0          2
1397         5659      0          2
1398         5660      0          2
1399         5661      0          2
1400         5662      0          2
1401         5663      0          2
1402         5664      0          2
1403         5665      0          2
1404         5666      0          2
1405         5667      0          2
1406         5668      0          2
1407         5669      0          2
1408         5670      0          2
1409         5671      0          2
1410         5672      0          2
1411         5673      0          2
1412         5674      0          2
1413         5675      0          2
1414         5676      0          2
1415         5677      0          2
1416         5678      0          2
1417         5679      0          2
1418         5680      0          2
1419         5681      0          8
1420         5682      0          2
1421         5683      0          2
1422         5684      0          2
1423         5685      0          2
1424         5686      0          2
1425         5687      0          2
1426         5688      0          2
1427         5689      0          2
1428         5690      0          6
1429         5691      0          2
1430         5692      0          2
1431         5693      0          2
1432         5694      0          7
1433         5695      0          2
1434         5696      0          2
1435         5697      0          2
1436         5698      0          2
1437         5699      0          2
1438         5700      0          2
1439         5701      0          2
1440         5702      0          2
1441         5703      0          2
1442         5704      0          2
1443         5705      0          2
1444         5706      0          2
1445         5707      0          2
1446         5708      0          2
1447         5709      0          2
1448         5710      0          2
1449         5711      0          2
1450         5712      0          2
1451         5713      0          2
1452         5714      0          2
1453         5715      0          3
1454         5716      0          2
1455         5717      0          2
1456         5718      0          2
1457         5719      0          2
1458         5720      0          2
1459         5721      0          2
1460         5722      0          4
1461         5723      0          2
1462         5724      0          2
1463         5725      0          2
1464         5726      0          2
1465         5727      0          2
1466         5728      0          2
1467         5729      0          2
1468         5730      0          2
1469         5731      0          3
1470         5732      0          2
1471         5733      0          2
1472         5734      0          2
1473         5735      0          2
1474         5736      0          2
1475         5737      0          2
1476         5738      0          2
1477         5739      0          2
1478         5740      0          2
1479         5741      0          2
1480         5742      0          2
1481         5743      0          2
1482         5744      0          2
1483         5745      0          2
1484         5746      0          2
1485         5747      0          2
1486         5748      0          2
1487         5749      0          2
1488         5750      0          2
1489         5751      0          2
1490         5752      0          2
1491         5753      0          2
1492         5754      0          2
1493         5755      0          2
1494         5756      0          2
1495         5757      0          2
1496         5758      0          2
1497         5759      0          2
1498         5760      0          2
1499         5761      0          2
1500         5762      0          2
1501         5763      0          2
1502         5764      0          2
1503         5765      0          2
1504         5766      0          2
1505         5767      0          2
1506         5768      0          2
1507         5769      0          2
1508         5770      0          2
1509         5771      0          2
1510         5772      0          2
1511         5773      0          2
1512         5774      0          2
1513         5775      0          2
1514         5776      0          2
1515         5777      0          2
1516         5778      0          2
1517         5779      0          2
1518         5780      0          2
1519         5781      0          2
1520         5782      0         12
1521         5783      0          2
1522         5784      0          2
1523         5785      0          2
1524         5786      0          2
1525         5787      0          2
1526         5788      0          2
1527         5789      0          2
1528         5790      0          2
1529         5791      0          3
1530         5792      0          2
1531         5793      0          2
1532         5794      0          2
1533         5795      0          2
1534         5796      0          8
1535         5797      0          2
1536         5798      0          2
1537         5799      0          2
1538         5800      0          2
1539         5801      0          2
1540         5802      0          2
1541         5803      0          2
1542         5804      0          3
1543         5805      0          3
1544         5806      0          3
1545         5807      0          2
1546         5808      0          2
1547         5809      0          2
1548         5810      0          2
1549         5811      0          2
1550         5812      0          2
1551         5813      0          2
1552         5814      0          2
1553         5815      0          2
1554         5816      0          2
1555         5817      0          2
1556         5818      0          2
1557         5819      0          2
1558         5820      0          2
1559         5821      0          2
1560         5822      0          2
1561         5823      0          2
1562         5824      0          2
1563         5825      0          2
1564         5826      0          2
1565         5827      0          2
1566         5828      0          2
1567         5829      0          2
1568         5830      0          2
1569         5831      0          2
1570         5832      0          2
1571         5833      0          2
1572         5834      0          2
1573         5835      0          2
1574         5836      0          2
1575         5837      0          2
1576         5838      0          2
1577         5839      0          2
1578         5840      0          2
1579         5841      0          2
1580         5842      0          3
1581         5843      0          2
1582         5844      0          2
1583         5845      0          2
1584         5846      0          2
1585         5847      0          4
1586         5848      0          2
1587         5849      0          2
1588         5850      0          2
1589         5851      0          2
1590         5852      0          2
1591         5853      0          2
1592         5854      0          2
1593         5855      0          2
1594         5856      0          2
1595         5857      0          2
1596         5858      0         15
1597         5859      0         10
1598         5860      0         15
1599         5861      0          2
1600         5862      0          2
1601         5863      0          2
1602         5864      0          2
1603         5865      0          2
1604         5866      0          2
1605         5867      0          2
1606         5868      0          2
1607         5869      0          2
1608         5870      0          2
1609         5871      0          2
1610         5872      0          2
1611         5873      0          2
1612         5874      0          2
1613         5875      0          2
1614         5876      0          2
1615         5877      0          2
1616         5878      0          2
1617         5879      0          2
1618         5880      0          2
1619         5881      0          8
1620         5882      0          2
1621         5883      0          2
1622         5884      0          2
1623         5885      0          2
1624         5886      0          2
1625         5887      0          2
1626         5888      0          2
1627         5889      0          2
1628         5890      0          2
1629         5891      0          2
1630         5892      0          2
1631         5893      0          2
1632         5894      0          2
1633         5895      0          3
1634         5896      0          2
1635         5897      0          2
1636         5898      0          2
1637         5899      0          2
1638         5900      0          2
1639         5901      0          2
1640         5902      0          2
1641         5903      0          2
1642         5904      0          2
1643         5905      0          2
1644         5906      0          4
1645         5907      0          4
1646         5908      0          2
1647         5909      0          2
1648         5910      0          2
1649         5911      0          4
1650         5912      0          2
1651         5913      0          2
1652         5914      0          2
1653         5915      0          2
1654         5916      0          2
1655         5917      0          2
1656         5918      0          2
1657         5919      0          2
1658         5920      0          2
1659         5921      0          2
1660         5922      0          2
1661         5923      0          2
1662         5924      0          2
1663         5925      0          2
1664         5926      0          2
1665         5927      0          2
1666         5928      0          2
1667         5929      0          2
1668         5930      0          2
1669         5931      0          2
1670         5932      0          2
1671         5933      0          2
1672         5934      0          2
1673         5935      0          2
1674         5936      0          2
1675         5937      0          2
1676         5938      0          2
1677         5939      0          2
1678         5940      0          2
1679         5941      0          2
1680         5942      0          2
1681         5943      0          2
1682         5944      0          2
1683         5945      0          2
1684         5946      0          4
1685         5947      0          3
1686         5948      0          2
1687         5949      0          2
1688         5950      0          4
1689         5951      0          3
1690         5952      0          2
1691         5953      0          2
1692         5954      0          2
1693         5955      0          2
1694         5956      0          2
1695         5957      0          2
1696         5958      0          2
1697         5959      0          2
1698         5960      0          2
1699         5961      0          2
1700         5962      0          2
1701         5963      0          2
1702         5964      0          2
1703         5965      0          2
1704         5966      0          2
1705         5967      0          2
1706         5968      0          2
1707         5969      0          2
1708         5970      0          2
1709         5971      0          2
1710         5972      0          2
1711         5973      0          2
1712         5974      0          2
1713         5975      0          2
1714         5976      0          2
1715         5977      0          2
1716         5978      0          2
1717         5979      0          2
1718         5980      0          2
1719         5981      0          2
1720         5982      0          2
1721         5983      0          2
1722         5984      0          2
1723         5985      0          2
1724         5986      0          2
1725         5987      0          2
1726         5988      0          2
1727         5989      0          3
1728         5990      0          2
1729         5991      0          2
1730         5992      0          2
1731         5993      0          2
1732         5994      0          2
1733         5995      0          2
1734         5996      0          2
1735         5997      0          2
1736         5998      0          2
1737         5999      0          2
1738         6000      0          2
1739         6001      0          2
1740         6002      0          2
1741         6003      0          2
1742         6004      0          2
1743         6005      0          2
1744         6006      0          2
1745         6007      0          2
1746         6008      0          2
1747         6009      0          2
1748         6010      0          2
1749         6011      0          2
1750         6012      0          2
1751         6013      0          3
1752         6014      0          2
1753         6015      0          2
1754         6016      0          2
1755         6017      0          2
1756         6018      0          2
1757         6019      0          2
1758         6020      0          2
1759         6021      0          2
1760         6022      0          2
1761         6023      0          3
1762         6024      0          2
1763         6025      0          2
1764         6026      0          2
1765         6027      0          2
1766         6028      0          2
1767         6029      0          2
1768         6030      0          3
1769         6031      0          2
1770         6032      0          2
1771         6033      0          2
1772         6034      0          2
1773         6035      0          2
1774         6036      0          2
1775         6037      0          2
1776         6038      0          2
1777         6039      0          2
1778         6040      0          2
1779         6041      0          2
1780         6042      0          2
1781         6043      0          2
1782         6044      0          2
1783         6045      0          2
1784         6046      0          2
1785         6047      0          2
1786         6048      0          2
1787         6049      0          2
1788         6050      0          2
1789         6051      0          2
1790         6052      0          2
1791         6053      0          2
1792         6054      0          2
1793         6055      0          2
1794         6056      0          2
1795         6057      0          2
1796         6058      0          2
1797         6059      0          2
1798         6060      0          2
1799         6061      0          2
1800         6062      0          2
1801         6063      0          2
1802         6064      0          2
1803         6065      0          2
1804         6066      0          2
1805         6067      0          2
1806         6068      0          2
1807         6069      0          2
1808         6070      0          2
1809         6071      0          2
1810         6072      0          5
1811         6073      0          7
1812         6074      0          2
1813         6075      0          2
1814         6076      0          2
1815         6077      0          2
1816         6078      0          2
1817         6079      0          2
1818         6080      0          2
1819         6081      0          2
1820         6082      0          2
1821         6083      0          2
1822         6084      0          2
1823         6085      0          2
1824         6086      0          5
1825         6087      0          2
1826         6088      0          2
1827         6089      0          2
1828         6090      0          2
1829         6091      0          2
1830         6092      0          2
1831         6093      0          2
1832         6094      0          2
1833         6095      0          2
1834         6096      0          2
1835         6097      0          2
1836         6098      0          2
1837         6099      0          2
1838         6100      0          2
1839         6101      0          2
1840         6102      0          2
1841         6103      0          2
1842         6104      0          2
1843         6105      0          2
1844         6106      0          2
1845         6107      0          2
1846         6108      0          2
1847         6109      0          2
1848         6110      0          2
1849         6111      0          2
1850         6112      0          2
1851         6113      0          2
1852         6114      0          2
1853         6115      0          2
1854         6116      0          4
1855         6117      0          2
1856         6118      0          2
1857         6119      0          2
1858         6120      0          2
1859         6121      0          2
1860         6122      0          2
1861         6123      0          2
1862         6124      0          2
1863         6125      0          2
1864         6126      0          2
1865         6127      0          2
1866         6128      0          2
1867         6129      0          2
1868         6130      0          2
1869         6131      0          2
1870         6132      0          2
1871         6133      0          2
1872         6134      0          2
1873         6135      0          2
1874         6136      0          2
1875         6137      0          2
1876         6138      0          2
1877         6139      0          2
1878         6140      0          2
1879         6141      0          2
1880         6142      0          2
1881         6143      0          2
1882         6144      0          2
1883         6145      0          7
1884         6146      0          2
1885         6147      0          2
1886         6148      0          2
1887         6149      0          2
1888         6150      0          2
1889         6151      0          2
1890         6152      0          2
1891         6153      0          2
1892         6154      0          2
1893         6155      0          2
1894         6156      0          2
1895         6157      0          2
1896         6158      0          5
1897         6159      0          2
1898         6160      0          2
1899         6161      0          2
1900         6162      0          2
1901         6163      0          2
1902         6164      0          2
1903         6165      0          2
1904         6166      0          2
1905         6167      0          2
1906         6168      0          2
1907         6169      0          2
1908         6170      0          2
1909         6171      0          2
1910         6172      0          2
1911         6173      0          3
1912         6174      0          2
1913         6175      0          2
1914         6176      0          2
1915         6177      0          2
1916         6178      0          2
1917         6179      0          2
1918         6180      0          2
1919         6181      0          2
1920         6182      0          3
1921         6183      0          2
1922         6184      0          2
1923         6185      0          2
1924         6186      0          2
1925         6187      0          2
1926         6188      0          2
1927         6189      0          2
1928         6190      0          2
1929         6191      0          2
1930         6192      0          2
1931         6193      0          2
1932         6194      0          2
1933         6195      0          2
1934         6196      0          2
1935         6197      0          2
1936         6198      0          2
1937         6199      0          2
1938         6200      0          2
1939         6201      0          2
1940         6202      0          2
1941         6203      0          2
1942         6204      0          2
1943         6205      0          2
1944         6206      0          2
1945         6207      0          2
1946         6208      0          2
1947         6209      0          2
1948         6210      0          2
1949         6211      0          2
1950         6212      0          2
1951         6213      0          2
1952         6214      0          2
1953         6215      0          2
1954         6216      0          2
1955         6217      0          2
1956         6218      0          2
1957         6219      0          2
1958         6220      0          2
1959         6221      0          2
1960         6222      0          2
1961         6223      0          2
1962         6224      0          2
1963         6225      0          2
1964         6226      0          2
1965         6227      0          2
1966         6228      0          2
1967         6229      0          2
1968         6230      0          2
1969         6231      0          2
1970         6232      0          2
1971         6233      0          2
1972         6234      0          2
1973         6235      0          4
1974         6236      0          3
1975         6237      0          2
1976         6238      0          2
1977         6239      0          2
1978         6240      0          2
1979         6241      0          2
1980         6242      0          2
1981         6243      0          2
1982         6244      0          2
1983         6245      0          2
1984         6246      0          2
1985         6247      0          2
1986         6248      0          2
1987         6249      0          2
1988         6250      0          2
1989         6251      0          2
1990         6252      0          2
1991         6253      0          2
1992         6254      0          2
1993         6255      0          2
1994         6256      0          2
1995         6257      0          2
1996         6258      0          2
1997         6259      0          2
1998         6260      0          2
1999         6261      0          2
2000         6262      0          2
2001         6263      0          2
2002         6264      0          2
2003         6265      0          2
2004         6266      0          2
2005         6267      0          2
2006         6268      0          2
2007         6269      0          2
2008         6270      0          2
2009         6271      0          2
2010         6272      0          2
2011         6273      0          3
2012         6274      0          2
2013         6275      0          3
2014         6276      0          2
2015         6277      0          5
2016         6278      0          2
2017         6279      0          2
2018         6280      0          2
2019         6281      0          2
2020         6282      0          2
2021         6283      0          2
2022         6284      0          2
2023         6285      0          2
2024         6286      0          2
2025         6287      0          2
2026         6288      0          2
2027         6289      0          2
2028         6290      0          2
2029         6291      0          2
2030         6292      0          2
2031         6293      0          2
2032         6294      0          2
2033         6295      0          2
2034         6296      0          2
2035         6297      0          2
2036         6298      0          2
2037         6299      0          2
2038         6300      0          2
2039         6301      0          2
2040         6302      0          2
2041         6303      0          2
2042         6304      0          2
2043         6305      0          2
2044         6306      0          2
2045         6307      0          2
2046         6308      0          2
2047         6309      0          2
2048         6310      0          2
2049         6311      0          2
2050         6312      0          2
2051         6313      0          2
2052         6314      0          2
2053         6315      0          2
2054         6316      0          2
2055         6317      0          2
2056         6318      0          2
2057         6319      0          2
2058         6320      0          2
2059         6321      0          2
2060         6322      0          5
2061         6323      0          2
2062         6324      0          2
2063         6325      0          2
2064         6326      0          2
2065         6327      0          2
2066         6328      0          2
2067         6329      0          2
2068         6330      0          2
2069         6331      0          2
2070         6332      0          2
2071         6333      0          2
2072         6334      0          2
2073         6335      0          2
2074         6336      0          2
2075         6337      0          2
2076         6338      0          2
2077         6339      0          2
2078         6340      0          2
2079         6341      0          2
2080         6342      0          2
2081         6343      0          2
2082         6344      0          2
2083         6345      0          2
2084         6346      0          2
2085         6347      0          2
2086         6348      0          2
2087         6349      0          2
2088         6350      0          2
2089         6351      0          2
2090         6352      0          2
2091         6353      0          2
2092         6354      0          2
2093         6355      0          2
2094         6356      0          2
2095         6357      0          2
2096         6358      0          2
2097         6359      0          2
2098         6360      0          2
2099         6361      0          2
2100         6362      0          2
2101         6363      0          3
2102         6364      0          2
2103         6365      0          2
2104         6366      0          2
2105         6367      0          2
2106         6368      0          2
2107         6369      0          2
2108         6370      0          2
2109         6371      0          2
2110         6372      0          2
2111         6373      0          2
2112         6374      0          2
2113         6375      0          2
2114         6376      0          2
2115         6377      0          2
2116         6378      0          2
2117         6379      0          2
2118         6380      0          2
2119         6381      0          2
2120         6382      0          2
2121         6383      0          2
2122         6384      0          2
2123         6385      0          2
2124         6386      0          2
2125         6387      0          2
2126         6388      0          2
2127         6389      0          2
2128         6390      0          2
2129         6391      0          2
2130         6392      0          4
2131         6393      0          2
2132         6394      0          2
2133         6395      0          2
2134         6396      0          2
2135         6397      0          2
2136         6398      0          2
2137         6399      0          2
2138         6400      0          2
2139         6401      0          2
2140         6402      0          2
2141         6403      0          2
2142         6404      0          2
2143         6405      0          2
2144         6406      0          2
2145         6407      0          2
2146         6408      0          2
2147         6409      0          2
2148         6410      0          2
2149         6411      0          2
2150         6412      0          2
2151         6413      0          2
2152         6414      0          2
2153         6415      0          2
2154         6416      0          2
2155         6417      0          2
2156         6418      0          2
2157         6419      0          2
2158         6420      0          2
2159         6421      0          2
2160         6422      0          2
2161         6423      0          2
2162         6424      0          2
2163         6425      0          2
2164         6426      0          2
2165         6427      0          2
2166         6428      0          2
2167         6429      0          2
2168         6430      0          2
2169         6431      0          2
2170         6432      0          2
2171         6433      0         10
2172         6434      0          2
2173         6435      0          2
2174         6436      0          2
2175         6437      0          2
2176         6438      0          4
2177         6439      0          2
2178         6440      0          2
2179         6441      0          2
2180         6442      0          2
2181         6443      0          2
2182         6444      0          2
2183         6445      0          2
2184         6446      0          2
2185         6447      0          2
2186         6448      0          2
2187         6449      0          2
2188         6450      0          5
2189         6451      0          2
2190         6452      0          2
2191         6453      0          2
2192         6454      0          2
2193         6455      0          2
2194         6456      0          2
2195         6457      0          2
2196         6458      0          2
2197         6459      0          2
2198         6460      0          2
2199         6461      0          2
2200         6462      0          2
2201         6463      0          2
2202         6464      0          2
2203         6465      0          5
2204         6466      0          5
2205         6467      0          2
2206         6468      0          2
2207         6469      0          3
2208         6470      0          2
2209         6471      0          2
2210         6472      0          2
2211         6473      0          2
2212         6474      0          2
2213         6475      0          2
2214         6476      0          2
2215         6477      0          2
2216         6478      0          2
2217         6479      0          2
2218         6480      0          2
2219         6481      0          2
2220         6482      0          2
2221         6483      0          2
2222         6484      0          2
2223         6485      0          2
2224         6486      0          2
2225         6487      0          2
2226         6488      0          2
2227         6489      0          2
2228         6490      0          5
2229         6491      0          3
2230         6492      0          2
2231         6493      0          2
2232         6494      0          2
2233         6495      0          2
2234         6496      0          2
2235         6497      0          2
2236         6498      0          3
2237         6499      0          2
2238         6500      0          2
2239         6501      0          2
2240         6502      0          2
2241         6503      0          2
2242         6504      0          2
2243         6505      0          2
2244         6506      0          2
2245         6507      0          2
2246         6508      0          2
2247         6509      0          2
2248         6510      0          2
2249         6511      0          2
2250         6512      0          2
2251         6513      0          2
2252         6514      0          2
2253         6515      0          2
2254         6516      0          2
2255         6517      0          2
2256         6518      0          2
2257         6519      0          2
2258         6520      0          2
2259         6521      0          2
2260         6522      0          2
2261         6523      0          2
2262         6524      0          2
2263         6525      0          2
2264         6526      0          2
2265         6527      0          2
2266         6528      0          2
2267         6529      0          2
2268         6530      0          2
2269         6531      0          2
2270         6532      0          2
2271         6533      0          2
2272         6534      0          2
2273         6535      0          2
2274         6536      0          2
2275         6537      0          2
2276         6538      0          2
2277         6539      0          2
2278         6540      0          2
2279         6541      0          2
2280         6542      0          2
2281         6543      0          2
2282         6544      0          2
2283         6545      0          3
2284         6546      0          2
2285         6547      0          3
2286         6548      0          2
2287         6549      0          2
2288         6550      0          2
2289         6551      0          2
2290         6552      0          2
2291         6553      0          2
2292         6554      0          2
2293         6555      0          2
2294         6556      0          2
2295         6557      0          2
2296         6558      0          2
2297         6559      0          2
2298         6560      0          2
2299         6561      0          2
2300         6562      0          2
2301         6563      0          2
2302         6564      0          2
2303         6565      0          2
2304         6566      0          2
2305         6567      0          2
2306         6568      0          2
2307         6569      0          2
2308         6570      0          2
2309         6571      0          2
2310         6572      0          2
2311         6573      0          2
2312         6574      0          2
2313         6575      0          2
2314         6576      0          2
2315         6577      0          2
2316         6578      0          2
2317         6579      0          2
2318         6580      0          2
2319         6581      0          2
2320         6582      0          2
2321         6583      0          2
2322         6584      0          2
2323         6585      0          2
2324         6586      0          2
2325         6587      0          2
2326         6588      0          2
2327         6589      0          2
2328         6590      0          2
2329         6591      0          2
2330         6592      0          2
2331         6593      0          2
2332         6594      0          2
2333         6595      0          2
2334         6596      0          2
2335         6597      0          2
2336         6598      0          2
2337         6599      0          2
2338         6600      0          2
2339         6601      0          2
2340         6602      0          2
2341         6603      0          2
2342         6604      0          2
2343         6605      0          2
2344         6606      0          2
2345         6607      0          2
2346         6608      0          2
2347         6609      0          2
2348         6610      0          2
2349         6611      0          2
2350         6612      0          3
2351         6613      0          2
2352         6614      0          2
2353         6615      0          2
2354         6616      0          2
2355         6617      0          2
2356         6618      0          2
2357         6619      0          2
2358         6620      0          2
2359         6621      0          2
2360         6622      0          2
2361         6623      0          2
2362         6624      0          2
2363         6625      0          2
2364         6626      0          2
2365         6627      0          2
2366         6628      0          2
2367         6629      0          2
2368         6630      0          2
2369         6631      0          2
2370         6632      0          2
2371         6633      0          2
2372         6634      0          2
2373         6635      0          2
2374         6636      0          2
2375         6637      0          2
2376         6638      0          2
2377         6639      0          2
2378         6640      0          2
2379         6641      0          2
2380         6642      0          2
2381         6643      0          2
2382         6644      0          2
2383         6645      0          2
2384         6646      0          2
2385         6647      0          2
2386         6648      0          2
2387         6649      0          2
2388         6650      0          2
2389         6651      0          2
2390         6652      0          2
2391         6653      0          2
2392         6654      0          2
2393         6655      0          2
2394         6656      0          2
2395         6657      0          2
2396         6658      0          2
2397         6659      0          2
2398         6660      0          2
2399         6661      0          2
2400         6662      0          2
2401         6663      0          4
2402         6664      0          2
2403         6665      0          2
2404         6666      0          2
2405         6667      0          2
2406         6668      0          2
2407         6669      0          2
2408         6670      0          2
2409         6671      0          2
2410         6672      0          2
2411         6673      0          2
2412         6674      0          2
2413         6675      0          2
2414         6676      0          2
2415         6677      0          2
2416         6678      0          2
2417         6679      0          2
2418         6680      0          2
2419         6681      0          2
2420         6682      0          2
2421         6683      0          2
2422         6684      0          2
2423         6685      0          2
2424         6686      0          2
2425         6687      0          2
2426         6688      0          2
2427         6689      0          2
2428         6690      0          2
2429         6691      0          2
2430         6692      0          2
2431         6693      0          2
2432         6694      0          2
2433         6695      0          2
2434         6696      0          2
2435         6697      0          2
2436         6698      0          3
2437         6699      0          2
2438         6700      0          3
2439         6701      0          2
2440         6702      0          2
2441         6703      0          2
2442         6704      0          2
2443         6705      0          2
2444         6706      0          2
2445         6707      0          2
2446         6708      0          2
2447         6709      0          2
2448         6710      0          2
2449         6711      0          2
2450         6712      0          2
2451         6713      0          2
2452         6714      0          2
2453         6715      0          2
2454         6716      0          2
2455         6717      0          2
2456         6718      0          2
2457         6719      0          2
2458         6720      0          2
2459         6721      0          2
2460         6722      0          2
2461         6723      0          2
2462         6724      0          2
2463         6725      0          2
2464         6726      0          2
2465         6727      0          2
2466         6728      0          2
2467         6729      0          2
2468         6730      0          2
2469         6731      0          2
2470         6732      0          2
2471         6733      0          2
2472         6734      0          2
2473         6735      0          2
2474         6736      0          2
2475         6737      0          2
2476         6738      0          2
2477         6739      0          2
2478         6740      0          2
2479         6741      0          2
2480         6742      0          2
2481         6743      0          2
2482         6744      0          2
2483         6745      0          2
2484         6746      0          2
2485         6747      0          2
2486         6748      0          2
2487         6749      0          2
2488         6750      0          2
2489         6751      0          2
2490         6752      0          2
2491         6753      0          2
2492         6754      0          2
2493         6755      0          2
2494         6756      0          2
2495         6757      0          2
2496         6758      0          2
2497         6759      0          2
2498         6760      0          2
2499         6761      0          2
2500         6762      0          2
2501         6763      0          2
2502         6764      0          2
2503         6765      0          2
2504         6766      0          2
2505         6767      0          2
2506         6768      0          2
2507         6769      0          2
2508         6770      0          2
2509         6771      0          2
2510         6772      0          2
2511         6773      0          2
2512         6774      0          2
2513         6775      0          2
2514         6776      0          2
2515         6777      0          2
2516         6778      0          2
2517         6779      0          2
2518         6780      0          2
2519         6781      0          2
2520         6782      0          2
2521         6783      0          2
2522         6784      0          2
2523         6785      0          2
2524         6786      0          2
2525         6787      0          2
2526         6788      0          2
2527         6789      0          2
2528         6790      0          2
2529         6791      0          2
2530         6792      0          2
2531         6793      0          2
2532         6794      0          2
2533         6795      0          2
2534         6796      0          2
2535         6797      0          2
2536         6798      0          3
2537         6799      0          2
2538         6800      0          3
2539         6801      0          2
2540         6802      0          2
2541         6803      0          2
2542         6804      0          2
2543         6805      0          2
2544         6806      0          2
2545         6807      0          2
2546         6808      0          2
2547         6809      0          2
2548         6810      0          2
2549         6811      0          2
2550         6812      0          2
2551         6813      0          2
2552         6814      0          2
2553         6815      0          2
2554         6816      0          2
2555         6817      0          2
2556         6818      0          2
2557         6819      0          2
2558         6820      0          2
2559         6821      0          2
2560         6822      0          2
2561         6823      0          2
2562         6824      0          2
2563         6825      0          2
2564         6826      0          2
2565         6827      0          2
2566         6828      0          2
2567         6829      0          2
2568         6830      0          2
2569         6831      0          2
2570         6832      0          2
2571         6833      0          2
2572         6834      0          2
2573         6835      0          2
2574         6836      0          2
2575         6837      0          2
2576         6838      0          2
2577         6839      0          2
2578         6840      0          2
2579         6841      0          2
2580         6842      0          2
2581         6843      0          2
2582         6844      0          2
2583         6845      0          2
2584         6846      0          2
2585         6847      0          2
2586         6848      0          2
2587         6849      0          2
2588         6850      0          2
2589         6851      0          2
2590         6852      0          2
2591         6853      0          2
2592         6854      0          2
2593         6855      0          2
2594         6856      0          2
2595         6857      0          2
2596         6858      0          2
2597         6859      0          2
2598         6860      0          2
2599         6861      0          2
2600         6862      0          2
2601         6863      0          2
2602         6864      0          2
2603         6865      0          2
2604         6866      0          2
2605         6867      0          2
2606         6868      0          2
2607         6869      0          2
2608         6870      0          2
2609         6871      0          2
2610         6872      0          2
2611         6873      0          2
2612         6874      0          2
2613         6875      0          2
